0.010000 0.386719
0.300000 0.386719
0.400000 1.021319
0.400000 1.021319
0.300000 1.245798
0.100000 1.100019
0.300000 1.244837
0.300000 0.698605
0.300000 0.790803
0.300000 0.398916
0.400000 0.461903
0.300000 0.652147
0.300000 0.652147
0.400000 1.353735
0.400000 1.300355
0.400000 0.377003
0.400000 -0.491681
0.300000 -1.159856
0.300000 -1.159856
0.300000 -1.063104
0.400000 -1.099559
0.300000 -1.099559
0.300000 -1.099559
0.300000 -0.811256
0.300000 -0.462512
0.300000 -0.928655
0.300000 -1.402094
0.300000 -0.527466
0.300000 -0.500591
0.300000 -0.717905
0.300000 -0.766430
0.300000 -0.418695
0.300000 -0.418695
0.300000 -0.516012
0.300000 0.388764
0.300000 0.348002
0.300000 0.197359
0.300000 0.327425
0.300000 -0.228907
0.300000 -0.663962
0.300000 0.312584
0.400000 0.176306
0.300000 0.412423
0.300000 1.005418
0.300000 0.850301
0.300000 0.561386
0.300000 -0.176541
0.300000 0.418004
0.300000 1.260802
0.300000 0.947358
0.300000 0.947358
0.300000 1.129430
0.300000 0.414709
0.300000 0.682997
0.300000 0.874187
0.400000 1.217932
0.300000 0.510291
0.300000 0.635209
0.300000 0.895959
0.300000 1.073426
0.300000 1.073426
0.300000 0.771768
0.300000 0.280123
0.300000 0.254086
0.300000 1.107720
0.300000 1.256786
0.300000 0.393050
0.300000 0.415053
0.300000 1.191323
0.300000 1.098483
0.300000 1.098483
0.300000 1.098483
0.300000 1.098014
0.300000 1.495786
0.300000 1.495786
0.300000 1.495786
0.300000 1.495786
0.300000 1.495786
0.300000 0.813592
0.300000 1.382805
0.400000 0.872904
0.400000 0.647215
0.300000 0.800617
0.300000 0.343396
0.300000 0.087561
0.300000 -0.657203
0.300000 -0.376823
0.300000 -0.897523
0.300000 -0.897523
0.300000 -0.839595
0.300000 -0.689004
0.300000 -1.085777
0.300000 -1.118130
0.300000 -0.225314
0.300000 0.642084
0.300000 1.210112
0.400000 1.343001
0.300000 1.343001
0.300000 0.386118
0.300000 0.179983
0.300000 -0.535523
0.300000 0.024251
0.300000 -0.385122
0.300000 -1.076745
0.400000 -1.023177
0.300000 -0.847582
0.300000 -0.847582
0.300000 -1.211494
0.400000 -1.211494
0.300000 -0.830138
0.400000 -1.070521
0.300000 -1.070521
0.300000 -0.078337
0.300000 -0.775250
0.300000 0.063667
0.300000 0.198276
0.300000 -0.273736
0.300000 -0.273736
0.300000 -0.707361
0.300000 -0.610449
0.300000 0.244127
0.400000 1.101429
0.400000 0.626004
0.300000 1.569755
0.300000 1.078192
0.300000 1.078192
0.400000 1.078192
0.300000 1.078192
0.300000 0.256154
0.300000 0.227916
0.300000 -0.332597
0.300000 -0.051389
0.300000 0.205771
0.400000 1.123663
0.400000 1.451199
0.300000 0.659431
0.300000 1.437540
0.300000 1.437540
0.400000 0.921535
0.300000 0.644531
0.300000 0.644531
0.300000 0.424133
0.400000 0.653697
0.300000 0.534592
0.300000 1.403302
0.300000 1.403302
0.300000 1.403302
0.300000 1.403302
0.300000 1.078241
0.300000 1.078241
0.300000 1.078241
0.300000 1.078241
0.300000 0.157667
0.300000 0.902070
0.300000 1.276616
0.300000 1.498771
0.400000 1.183579
0.400000 0.210330
0.300000 0.785886
0.300000 -0.028521
0.400000 0.422252
0.300000 1.251028
0.300000 0.515390
0.300000 0.770283
0.300000 1.081472
0.300000 0.198339
0.300000 0.040678
0.300000 0.191797
0.300000 0.733968
0.300000 1.390541
0.300000 1.404175
0.300000 0.801394
0.400000 1.088345
0.300000 0.550701
0.300000 0.550701
0.300000 0.949459
0.300000 0.552450
0.300000 1.177172
0.300000 1.193970
0.300000 0.926281
0.400000 0.926281
0.300000 0.926281
0.300000 0.926281
0.300000 0.862083
0.300000 0.105310
0.300000 1.065202
0.300000 1.182606
0.300000 0.492460
0.300000 0.963072
0.300000 1.508652
0.300000 1.508652
0.300000 1.119202
0.300000 0.938385
0.300000 0.938385
0.300000 1.337091
0.300000 0.424404
0.300000 1.057932
0.300000 0.732732
0.300000 0.732732
0.300000 0.797016
0.300000 1.319564
0.300000 1.255630
0.300000 0.962543
0.400000 0.962543
0.400000 -0.003050
0.400000 0.684232
0.300000 0.684232
0.400000 -0.142216
0.300000 -1.052028
0.300000 -1.098425
0.300000 -1.005273
0.300000 -1.005273
0.300000 -0.961830
0.300000 -0.486402
0.300000 -0.274521
0.300000 0.463075
0.300000 0.481815
0.300000 -0.257986
0.300000 -0.929025
0.300000 -0.929025
0.300000 -0.982263
0.300000 -1.228853
0.300000 -0.751154
0.300000 -0.751154
0.300000 -0.926550
0.300000 -0.926550
0.300000 -0.822274
0.300000 -0.990064
0.300000 -0.910324
0.300000 -0.910324
0.300000 -0.494976
0.300000 -0.699980
0.300000 -0.868091
0.300000 0.098505
0.300000 0.566561
0.300000 0.088616
0.300000 -0.338190
0.300000 0.081193
0.300000 0.593612
0.300000 0.458753
0.300000 0.721015
0.400000 0.169728
0.300000 0.222432
0.300000 -0.395785
0.300000 -0.633144
0.300000 -0.264771
0.300000 0.539162
0.300000 -0.330094
0.300000 -1.152383
0.300000 -0.455440
0.300000 -0.913403
0.300000 -0.913403
0.300000 -1.158453
0.300000 -1.158453
0.300000 -1.135949
0.300000 -0.256635
0.300000 -0.427700
0.300000 -1.107551
0.300000 -0.228718
0.300000 -0.799402
0.300000 0.147090
0.300000 0.635779
0.300000 1.205843
0.300000 1.205843
0.300000 1.205843
0.300000 1.343538
0.300000 0.345614
0.300000 1.240619
0.300000 0.368922
0.300000 0.977846
0.300000 0.977846
0.300000 0.447815
0.300000 -0.496709
0.300000 -1.139444
0.300000 -1.139444
0.300000 -0.960221
0.300000 -0.960221
0.300000 -1.608702
0.300000 -0.873416
0.300000 -1.062463
0.300000 -1.062463
0.300000 -0.778865
0.300000 -0.778865
0.300000 -0.849429
0.300000 -0.897328
0.300000 -0.897328
0.300000 -0.897328
0.300000 -0.897328
0.300000 -0.897328
0.300000 -0.041100
0.300000 -0.950367
0.300000 -0.615247
0.300000 -1.087268
0.300000 -0.452447
0.300000 -1.282622
0.300000 -1.431304
0.300000 -0.758226
0.300000 0.077923
0.300000 -0.114808
0.300000 0.404245
0.300000 0.693135
0.300000 0.693135
0.300000 0.824194
0.300000 0.824194
0.300000 0.322686
0.300000 1.210268
0.300000 1.062673
0.300000 0.094476
0.300000 -0.523149
0.300000 -1.025205
0.300000 -0.446794
0.300000 0.016848
0.300000 -0.811860
0.300000 -0.811860
0.300000 -0.068057
0.300000 -0.532979
0.300000 0.133305
0.300000 -0.448361
0.300000 -0.808735
0.300000 -0.936983
0.300000 -0.936983
0.300000 -0.936983
0.300000 -0.385830
0.300000 -1.174404
0.300000 -1.174404
0.300000 -0.816471
0.300000 -0.758812
0.300000 -1.612075
0.300000 -0.674264
0.300000 -1.216495
0.300000 -1.216495
0.300000 -0.807598
0.300000 -1.292328
0.300000 -0.508412
0.300000 -0.621520
0.300000 -0.211132
0.300000 -1.001022
0.300000 -0.966801
0.300000 -0.966801
0.300000 -1.254209
0.300000 -0.309633
0.300000 -1.059647
0.300000 -1.059647
0.300000 -1.059647
0.300000 -1.059647
0.300000 -0.538333
0.300000 0.005710
0.300000 -0.787013
0.300000 -0.787013
0.300000 -1.063247
0.300000 -1.063247
0.300000 -1.063247
0.300000 -0.828577
0.300000 -0.016847
0.300000 -0.790833
0.300000 -0.790833
0.300000 -1.486009
0.300000 -1.063269
0.300000 -1.059464
0.300000 -1.059464
0.300000 -1.059464
0.300000 -0.258149
0.300000 0.270107
0.300000 -0.473237
0.300000 -0.401908
0.300000 0.284632
0.300000 -0.280608
0.300000 -0.039271
0.300000 -0.499594
0.300000 -0.009739
0.300000 -0.708137
0.300000 -0.339906
0.300000 0.011527
0.300000 0.915396
0.300000 0.915396
0.300000 1.147574
0.300000 1.158644
0.300000 1.158644
0.300000 1.158644
0.300000 1.158644
0.300000 0.935080
0.300000 1.014724
0.300000 1.014724
0.300000 1.266915
0.300000 0.863273
0.300000 0.863273
0.300000 0.863273
0.300000 0.863273
0.300000 0.863273
0.300000 0.742492
0.300000 1.311637
0.300000 0.351297
0.300000 0.351297
0.300000 0.104827
0.300000 0.720680
0.300000 0.198744
0.300000 1.036433
0.300000 1.036433
0.300000 0.709072
0.300000 1.352436
0.300000 0.897403
0.300000 1.253875
0.300000 0.759401
0.300000 0.759401
0.300000 0.759401
0.300000 0.930122
0.300000 0.930122
0.300000 0.930122
0.300000 1.268039
0.300000 1.268039
0.300000 1.268039
0.300000 1.335853
0.300000 0.559566
0.300000 1.098264
0.300000 1.453735
0.300000 0.770132
0.300000 0.920879
0.300000 0.920879
0.300000 1.076729
0.300000 1.076729
0.300000 1.076729
0.300000 1.076729
0.300000 0.588113
0.300000 0.588113
0.300000 -0.318805
0.300000 -1.236463
0.300000 -1.237952
0.300000 -1.237952
0.300000 -0.471187
0.300000 -0.976151
0.300000 -0.257837
0.300000 0.202423
0.300000 -0.213399
0.300000 0.197398
0.300000 -0.409120
0.300000 -0.456404
0.300000 -1.307635
0.300000 -1.274477
0.300000 -1.274477
0.300000 -0.361261
0.300000 0.521588
0.300000 1.097770
0.300000 0.223328
0.300000 0.030354
0.300000 0.492750
0.300000 1.375693
0.300000 1.375693
0.300000 1.375693
0.300000 0.920819
0.300000 -0.031619
0.300000 0.049174
0.300000 0.944182
0.300000 1.196171
0.300000 0.298001
0.300000 0.298001
0.300000 -0.511733
0.300000 -0.890077
0.300000 -1.096008
0.300000 -0.986069
0.300000 -0.986069
0.300000 -0.986069
0.300000 -0.986069
0.300000 -1.442250
0.300000 -1.442250
0.300000 -0.957935
0.300000 -0.957935
0.300000 -1.323638
0.300000 -0.487846
0.300000 0.030248
0.300000 -0.758694
0.300000 -0.176997
0.300000 -1.140062
0.300000 -1.140062
0.300000 -1.124606
0.300000 -1.124606
0.300000 -1.348030
0.300000 -1.348030
0.300000 -1.315203
0.300000 -1.044297
0.300000 -1.044297
0.300000 -1.044297
0.300000 -1.044297
0.300000 -0.973177
0.300000 -1.493951
0.300000 -0.897966
0.300000 -0.897966
0.300000 -0.897966
0.300000 -1.126193
0.300000 -0.621790
0.300000 0.206292
0.300000 0.007568
0.300000 -0.138575
0.300000 0.606127
0.300000 0.606127
0.300000 0.670056
0.300000 0.670056
0.300000 0.829641
0.300000 0.829641
0.300000 0.829641
0.300000 0.655949
0.300000 0.778239
0.300000 0.778239
0.300000 1.586823
0.300000 1.586823
0.300000 1.586823
0.300000 1.586823
0.300000 0.699072
0.300000 0.484062
0.300000 -0.296251
0.300000 0.574700
0.300000 -0.321562
0.300000 -0.952455
0.300000 -0.952455
0.300000 -0.952455
0.300000 -0.952455
0.300000 -0.952455
0.300000 -0.865731
0.300000 -0.563110
0.300000 -0.065864
0.300000 -0.911614
0.300000 -0.911614
0.300000 -0.527647
0.300000 -0.527647
0.300000 -1.319960
0.300000 -1.319960
0.300000 -1.343385
0.300000 -1.343385
0.300000 -0.726332
0.300000 -1.255604
0.300000 -1.255604
0.300000 -0.781166
0.300000 0.015408
0.300000 0.048306
0.300000 0.203881
0.300000 1.106602
0.300000 0.653407
0.300000 0.546188
0.300000 1.372124
0.300000 1.372124
0.300000 1.187296
0.300000 0.719267
0.300000 0.719267
0.300000 1.072974
0.300000 1.072974
0.300000 1.072974
0.300000 1.072974
0.300000 0.682271
0.300000 0.599300
0.300000 0.838132
0.300000 0.838132
0.300000 0.765348
0.300000 0.765348
0.300000 0.567574
0.300000 0.430930
0.300000 -0.430908
0.300000 -0.737789
0.300000 -0.737789
0.300000 -0.483246
0.300000 0.429654
0.300000 0.587342
0.300000 0.062359
0.300000 0.527871
0.300000 0.598608
0.300000 1.081028
0.300000 1.081028
0.300000 0.731805
0.300000 1.309068
0.300000 1.309068
0.300000 1.450863
0.300000 1.158751
0.300000 0.185606
0.300000 -0.782305
0.300000 -0.591717
0.300000 -0.905880
0.300000 -0.905880
0.300000 -1.197621
0.300000 -1.197621
0.300000 -1.197621
0.300000 -1.197621
0.300000 -1.288536
0.300000 -1.288536
0.300000 -1.288536
0.300000 -1.288536
0.300000 -1.600241
0.300000 -1.600241
0.300000 -1.830328
0.300000 -1.830328
0.300000 -1.830328
0.300000 -1.788756
0.300000 -1.788756
0.300000 -1.788756
0.300000 -1.273700
0.300000 -1.361804
0.300000 -1.361804
0.300000 -0.847278
0.300000 -0.617406
0.300000 0.019457
0.300000 0.680513
0.300000 1.171874
0.300000 0.591003
0.300000 0.676543
0.300000 0.676543
0.300000 0.700882
0.300000 0.540495
0.300000 1.143289
0.300000 1.241086
0.300000 0.918481
0.300000 1.373143
0.300000 0.514081
0.300000 1.129374
0.300000 1.255130
0.300000 1.255130
0.300000 1.255130
0.300000 1.255130
0.300000 0.735052
0.300000 0.735052
0.300000 0.735052
0.300000 -0.034491
0.300000 0.217511
0.300000 -0.361854
0.300000 -0.051823
0.300000 0.652854
0.300000 0.184314
0.300000 -0.577242
0.300000 -0.173797
0.300000 0.476286
0.300000 0.870329
0.300000 0.870329
0.300000 0.245792
0.300000 -0.159142
0.300000 -0.159142
0.300000 -0.695759
0.300000 -0.375488
0.300000 0.210646
0.300000 0.224341
0.300000 -0.494219
0.300000 0.380786
0.300000 1.028800
0.300000 1.028800
0.300000 1.000902
0.300000 1.000902
0.300000 1.000902
0.300000 0.625711
0.300000 -0.091090
0.300000 0.199147
0.300000 -0.094827
0.300000 0.167123
0.300000 0.838280
0.300000 0.908588
0.300000 0.659686
0.300000 -0.103161
0.300000 -0.788252
0.300000 -0.788252
0.300000 -0.788252
0.300000 -0.095010
0.300000 -0.415691
0.300000 -1.320808
0.300000 -1.320808
0.300000 -1.040214
0.300000 -0.785924
0.300000 -0.785924
0.300000 -1.100048
0.300000 -1.479894
0.300000 -1.479894
0.300000 -1.479894
0.300000 -0.912336
0.300000 -0.912336
0.300000 -1.198943
0.300000 -1.198943
0.300000 -1.198943
0.300000 -1.198943
0.300000 -0.643426
0.300000 -0.643426
0.300000 -0.038981
0.300000 -0.401291
0.300000 -1.244795
0.300000 -1.143506
0.300000 -1.089256
0.300000 -1.089256
0.300000 -1.089256
0.300000 -1.089256
0.300000 -0.687512
0.300000 -0.687512
0.300000 -0.687512
0.300000 0.152855
0.300000 0.150712
0.300000 0.673289
0.300000 1.242724
0.300000 1.114203
0.300000 1.079302
0.300000 1.079302
0.300000 0.720107
0.300000 1.339870
0.300000 1.284503
0.300000 0.316362
0.300000 0.687485
0.300000 0.687485
0.300000 0.687485
0.300000 1.055295
0.300000 0.785843
0.300000 0.785843
0.300000 1.161718
0.300000 0.523125
0.300000 0.916555
0.300000 0.203463
0.300000 -0.658026
0.300000 0.327200
0.300000 0.327200
0.300000 0.327200
0.300000 -0.451298
0.300000 0.366439
0.300000 0.362386
0.300000 1.028070
0.300000 1.028070
0.300000 0.813781
0.300000 0.347643
0.300000 0.906850
0.300000 0.906850
0.300000 0.906850
0.300000 1.222008
0.300000 1.222008
0.300000 1.222008
0.300000 1.222008
0.300000 0.342178
0.300000 -0.553534
0.300000 -0.115973
0.300000 -0.695053
0.300000 -1.100188
0.300000 -1.122958
0.300000 -1.122958
0.300000 -1.122958
0.300000 -1.122958
0.300000 -0.963848
0.300000 -1.349368
0.300000 -1.041023
0.300000 -1.041023
0.300000 -0.959476
0.300000 -1.349801
0.300000 -0.946994
0.300000 -0.280162
0.300000 -0.409319
0.300000 0.548110
0.300000 -0.211404
0.300000 -0.847573
0.300000 -0.847573
0.300000 -0.847573
0.300000 -0.847573
0.300000 -0.925198
0.300000 -1.109132
0.300000 -1.109132
0.300000 -1.059913
0.300000 -1.059913
0.300000 -1.059913
0.300000 -1.059913
0.300000 -1.540335
0.300000 -1.540335
0.300000 -1.540335
0.300000 -1.338071
0.300000 -1.338071
0.300000 -1.099851
0.300000 -1.099851
0.300000 -0.231914
0.300000 0.522881
0.300000 0.293804
0.300000 -0.474643
0.300000 -0.474643
0.300000 0.225577
0.300000 -0.400345
0.300000 -0.063936
0.300000 -0.622612
0.300000 -1.177525
0.300000 -1.177525
0.300000 -1.177525
0.300000 -0.805839
0.300000 -1.233358
0.300000 -1.233358
0.300000 -1.511874
0.300000 -1.573325
0.300000 -1.148019
0.300000 -0.750964
0.300000 0.152282
0.300000 -0.224127
0.300000 0.389045
0.300000 1.121708
0.300000 1.121708
0.300000 1.121708
0.300000 1.121708
0.300000 1.121708
0.300000 1.121708
0.300000 0.131899
0.300000 0.796324
0.300000 0.241708
0.300000 0.838943
0.300000 0.838943
0.300000 1.096679
0.300000 1.187992
0.300000 1.187992
0.300000 0.530313
0.300000 1.358292
0.300000 1.358292
0.300000 0.523352
0.300000 1.197713
0.300000 1.197713
0.300000 1.197713
0.300000 1.197713
0.300000 1.197713
0.300000 1.222683
0.300000 0.453416
0.300000 0.981048
0.300000 0.255316
0.300000 1.217309
0.300000 1.217309
0.300000 1.217309
0.300000 1.217309
0.300000 0.381340
0.300000 0.451831
0.300000 0.849000
0.300000 0.319472
0.300000 0.319472
0.300000 0.319472
0.300000 0.854590
0.300000 0.821019
0.300000 0.821019
0.300000 0.821019
0.300000 1.128107
0.300000 1.128107
0.300000 1.061874
0.300000 1.061874
0.300000 1.061874
0.300000 0.808775
0.300000 0.808775
0.300000 1.210553
0.300000 1.164783
0.300000 0.756071
0.300000 1.200608
0.300000 0.979760
0.300000 1.311453
0.300000 1.311453
0.300000 0.482583
0.300000 0.482583
0.300000 -0.434871
0.300000 -0.249458
0.300000 -0.179934
0.300000 0.348256
0.300000 0.204283
0.300000 -0.691964
0.300000 -0.730416
0.300000 -0.618387
0.300000 -0.490166
0.300000 -1.195176
0.300000 -1.195176
0.300000 -1.062508
0.300000 -1.143456
0.300000 -1.271193
0.300000 -1.271193
0.300000 -1.406130
0.300000 -1.065872
0.300000 -1.065872
0.300000 -0.816087
0.300000 0.020300
0.300000 0.741569
0.300000 0.889946
0.300000 0.419174
0.300000 0.739792
0.300000 0.825368
0.300000 0.764844
0.300000 0.764844
0.300000 0.764844
0.300000 1.014433
0.300000 0.845620
0.300000 0.845620
0.300000 0.845620
0.300000 0.744894
0.300000 0.744894
0.300000 0.353202
0.300000 0.349897
0.300000 0.532973
0.300000 0.532973
0.300000 0.824285
0.300000 0.311581
0.300000 1.054806
0.300000 0.476402
0.300000 1.263123
0.300000 1.263123
0.300000 1.263123
0.300000 1.263123
0.300000 0.430490
0.300000 -0.432198
0.300000 -0.971387
0.300000 -0.971387
0.300000 -0.971387
0.300000 -1.257807
0.300000 -0.571537
0.300000 -0.899801
0.300000 -0.770091
0.300000 -0.770091
0.300000 -0.544678
0.300000 -0.941623
0.300000 -0.456517
0.300000 -0.083411
0.300000 -0.837250
0.300000 0.109073
0.300000 0.650020
0.300000 1.387427
0.300000 1.387427
0.300000 1.387427
0.300000 1.387427
0.300000 0.863786
0.300000 0.863786
0.300000 0.656134
0.300000 0.656134
0.300000 0.656134
0.300000 0.997300
0.300000 0.997300
0.300000 0.360114
0.300000 0.034212
0.300000 -0.948003
0.300000 -0.948003
0.300000 -0.948003
0.300000 -1.082058
0.300000 -0.960487
0.300000 -0.706851
0.300000 -0.706851
0.300000 -0.576247
0.300000 -0.576247
0.300000 -0.576247
0.300000 -1.173873
0.300000 -1.321142
0.300000 -0.693575
0.300000 0.233585
0.300000 0.532624
0.300000 0.532624
0.300000 0.519297
0.300000 0.813693
0.300000 0.813693
0.300000 -0.086723
0.300000 0.107636
0.300000 -0.565741
0.300000 -0.565741
0.300000 -1.251778
0.300000 -1.251778
0.300000 -1.101096
0.300000 -0.940414
0.300000 -1.546620
0.300000 -0.602584
0.300000 -1.178062
0.300000 -1.178062
0.300000 -0.921842
0.300000 -0.921842
0.300000 -0.518303
0.300000 -0.579784
0.300000 -0.462905
0.300000 -0.462905
0.300000 0.003647
0.300000 0.489693
0.300000 0.687787
0.300000 1.173642
0.300000 1.173642
0.300000 1.173642
0.300000 0.931973
0.300000 0.910876
0.300000 1.070404
0.300000 1.184198
0.300000 1.184198
0.300000 1.184198
0.300000 1.184198
0.300000 0.523057
0.300000 -0.338744
0.300000 -1.081634
0.300000 -1.081634
0.300000 -0.984654
0.300000 -0.984654
0.300000 -0.984654
0.300000 -0.694139
0.300000 -0.838588
0.300000 -0.838588
0.300000 -0.838588
0.300000 -0.838588
0.300000 -0.492501
0.300000 -0.630829
0.300000 -0.630829
0.300000 0.111148
0.300000 0.178940
0.300000 0.849152
0.300000 0.939376
0.300000 0.939376
0.300000 0.939376
0.300000 0.939376
0.300000 1.254356
0.300000 1.254356
0.300000 1.254356
0.300000 1.162766
0.300000 0.973500
0.300000 0.631999
0.300000 0.804374
0.300000 1.577114
0.300000 1.390962
0.300000 1.390962
0.300000 1.390962
0.300000 1.220862
0.300000 1.220862
0.300000 1.220862
0.300000 1.220862
0.300000 1.098111
0.300000 0.624198
0.300000 0.950366
0.300000 0.570791
0.300000 0.975397
0.300000 0.975397
0.300000 0.612521
0.300000 1.312577
0.300000 1.318453
0.300000 1.365079
0.300000 1.365079
0.300000 1.321340
0.300000 1.063906
0.300000 0.548522
0.300000 1.192369
0.300000 0.244335
0.300000 0.490999
0.300000 0.784998
0.300000 0.784998
0.300000 0.784998
0.300000 0.784998
0.300000 0.784998
0.300000 0.774099
0.300000 1.308589
0.300000 1.166163
0.300000 1.166163
0.300000 1.166163
0.300000 0.697284
0.300000 1.055122
0.300000 1.055122
0.300000 0.133525
0.300000 0.143653
0.300000 -0.064555
0.300000 -0.439052
0.300000 -1.360519
0.300000 -0.849222
0.300000 -0.849222
0.300000 0.095367
0.300000 0.326422
0.300000 -0.599656
0.300000 0.368865
0.300000 -0.422424
0.300000 -0.422424
0.300000 -0.636652
0.300000 -0.948258
0.300000 -0.427783
0.300000 -0.288772
0.300000 0.509616
0.300000 1.367867
0.300000 1.159476
0.300000 0.964179
0.300000 0.964179
0.300000 0.692355
0.300000 1.211088
0.300000 1.211088
0.300000 0.555964
0.300000 0.997745
0.300000 1.166692
0.300000 1.166692
0.300000 1.166692
0.300000 0.280981
0.300000 0.158890
0.300000 0.464938
0.300000 1.160118
0.300000 1.057384
0.300000 1.495498
0.300000 0.871106
0.300000 0.966680
0.300000 0.966680
0.300000 0.924531
0.300000 1.279040
0.300000 0.969250
0.300000 0.112463
0.300000 -0.302699
0.300000 0.643208
0.300000 0.643208
0.300000 1.101673
0.300000 1.101673
0.300000 1.187045
0.300000 1.187045
0.300000 1.187045
0.300000 1.187045
0.300000 1.187045
0.300000 1.046845
0.300000 1.521822
0.300000 1.521822
0.300000 1.521822
0.300000 0.790500
0.300000 1.527311
0.300000 1.527311
0.300000 1.527311
0.300000 1.527311
0.300000 1.112070
0.300000 1.112070
0.300000 1.112070
0.300000 1.112070
0.300000 0.827066
0.300000 0.827066
0.300000 0.827066
0.300000 1.056850
0.300000 0.859811
0.300000 0.387977
0.300000 0.846160
0.300000 0.846160
0.300000 0.846160
0.300000 0.846160
0.300000 0.846160
0.300000 1.358486
0.300000 0.984164
0.300000 0.984164
0.300000 1.032262
0.300000 1.032262
0.300000 0.936804
0.300000 0.607126
0.300000 0.714586
0.300000 0.714586
0.300000 0.714586
0.300000 1.096585
0.300000 1.096585
0.300000 0.630045
0.300000 -0.200083
0.300000 -1.138396
0.300000 -1.138396
0.300000 -1.138396
0.300000 -0.719752
0.300000 -1.159915
0.300000 -0.233989
0.300000 -0.925382
0.300000 -1.261993
0.300000 -1.261993
0.300000 -1.261993
0.300000 -0.735541
0.300000 -0.735541
0.300000 -0.908222
0.300000 -0.908222
0.300000 -0.908222
0.300000 -0.948570
0.300000 -0.948570
0.300000 -0.141937
0.300000 0.661987
0.300000 0.527226
0.300000 1.072336
0.300000 0.196874
0.300000 1.014877
0.300000 1.014877
0.300000 1.014877
0.300000 1.014877
0.300000 1.313555
0.300000 0.529697
0.300000 0.789518
0.300000 0.327568
0.300000 -0.289692
0.300000 0.449886
0.300000 0.304817
0.300000 1.256248
0.300000 1.256248
0.300000 1.256248
0.300000 1.256248
0.300000 0.719475
0.300000 0.544212
0.300000 -0.408177
0.300000 0.043846
0.300000 -0.894431
0.300000 -0.976863
0.300000 -0.313680
0.300000 0.280520
0.300000 0.264004
0.300000 1.086661
0.300000 1.086661
0.300000 1.010969
0.300000 1.291283
0.300000 0.304580
0.300000 1.173284
0.300000 1.173284
0.300000 0.460027
0.300000 0.376192
0.300000 0.200731
0.300000 -0.405003
0.300000 -0.646491
0.300000 -0.646491
0.300000 -0.699956
0.300000 -0.699956
0.300000 -0.804953
0.300000 -0.687262
0.300000 -0.494208
0.300000 0.165565
0.300000 -0.277076
0.300000 0.249928
0.300000 -0.246213
0.300000 -0.825561
0.300000 -0.825561
0.300000 -0.825561
0.300000 -0.853281
0.300000 -0.414379
0.300000 -1.370008
0.300000 -1.370008
0.300000 -0.499895
0.300000 -0.933631
0.300000 -0.590570
0.300000 -1.297387
0.300000 -0.691100
0.300000 -1.458093
0.300000 -1.458093
0.300000 -1.458093
0.300000 -1.458093
0.300000 -1.458093
0.300000 -0.791480
0.300000 -0.791480
0.300000 -0.910399
0.300000 0.014260
0.300000 -0.231493
0.300000 -1.076886
0.300000 -1.076886
0.300000 -0.881964
0.300000 -0.787196
0.300000 -0.787196
0.300000 -0.203674
0.300000 -0.505080
0.300000 -0.290616
0.300000 0.014975
0.300000 -0.507649
0.300000 -0.873037
0.300000 -0.873037
0.300000 -0.637257
0.300000 -1.396701
0.300000 -1.287498
0.300000 -1.330957
0.300000 -0.695883
0.300000 -0.695883
0.300000 -0.798283
0.300000 -0.798283
0.300000 -0.798283
0.300000 -1.436380
0.300000 -0.946201
0.300000 -1.351756
0.300000 -1.351756
0.300000 -1.351756
0.300000 -1.351756
0.300000 -1.201979
0.300000 -1.328713
0.300000 -1.141979
0.300000 -1.282962
0.300000 -1.282962
0.300000 -0.528015
0.300000 -0.732561
0.300000 -0.732561
0.300000 -0.732561
0.300000 -0.753330
0.300000 -0.753330
0.300000 -0.753330
0.300000 -0.070171
0.300000 0.853770
0.300000 0.853770
0.300000 1.166970
0.300000 0.256458
0.300000 -0.433950
0.300000 -0.935821
0.300000 -0.885959
0.300000 -0.885959
0.300000 -1.278242
0.300000 -1.278242
0.300000 -0.750676
0.300000 -0.412260
0.300000 -0.481260
0.300000 0.266489
0.300000 -0.260273
0.300000 -0.929449
0.300000 -0.955323
0.300000 -0.575433
0.300000 -0.044271
0.300000 0.897505
0.300000 1.319215
0.300000 1.319215
0.300000 1.228838
0.300000 0.267270
0.300000 0.299126
0.300000 0.072064
0.300000 -0.000987
0.300000 -0.111291
0.300000 -0.188560
0.300000 0.580249
0.300000 -0.034756
0.300000 0.803530
0.300000 -0.017575
0.300000 -0.826507
0.300000 -0.826507
0.300000 -0.289602
0.300000 -0.297046
0.300000 0.285574
0.300000 0.848289
0.300000 0.567127
0.300000 0.567127
0.300000 -0.305196
0.300000 0.495136
0.300000 1.301821
0.300000 1.244996
0.300000 0.269475
0.300000 -0.012837
0.300000 -0.218541
0.300000 0.503451
0.300000 0.668938
0.300000 0.668938
0.300000 1.369726
0.300000 1.639625
0.300000 1.265078
0.300000 0.350284
0.300000 -0.475737
0.300000 -1.263456
0.300000 -1.263456
0.300000 -0.832883
0.300000 0.012727
0.300000 -0.805144
0.300000 -0.741431
0.300000 -0.707929
0.300000 -0.707929
0.300000 -1.211312
0.300000 -0.725877
0.300000 -1.107208
0.300000 -1.107208
0.300000 -1.307958
0.300000 -0.441719
0.300000 0.199657
0.300000 1.145714
0.300000 1.145714
0.300000 1.145714
0.300000 0.434072
0.300000 1.103988
0.300000 0.138403
0.300000 -0.784250
0.300000 -0.784250
0.300000 -0.784250
0.300000 -0.978526
0.300000 -1.583934
0.300000 -0.613595
0.300000 -0.760291
0.300000 -0.760291
0.300000 -0.760291
0.300000 -0.760291
0.300000 -1.359538
0.300000 -1.359538
0.300000 -0.410356
0.300000 -1.267409
0.300000 -1.267409
0.300000 -1.267409
0.300000 -1.267409
0.300000 -1.197044
0.300000 -1.197044
0.300000 -0.915251
0.300000 -0.141836
0.300000 -0.315749
0.300000 -0.340534
0.300000 -0.340534
0.300000 -0.051339
0.300000 -0.781855
0.300000 -0.890767
0.300000 -1.080520
0.300000 -1.080520
0.300000 -0.159004
0.300000 -0.471796
0.300000 0.356423
0.300000 0.670800
0.300000 0.670800
0.300000 0.670800
0.300000 0.749639
0.300000 0.708039
0.300000 1.307695
0.300000 1.307695
0.300000 0.583866
0.300000 0.583866
0.300000 1.356389
0.300000 0.396046
0.300000 0.697995
0.300000 0.714787
0.300000 1.173874
0.300000 1.173874
0.300000 1.261439
0.300000 1.261439
0.300000 1.125522
0.300000 1.125522
0.300000 0.618731
0.300000 0.069431
0.300000 0.126165
0.300000 -0.138318
0.300000 0.600446
0.300000 0.600446
0.300000 1.223396
0.300000 0.689762
0.300000 0.447187
0.300000 1.203774
0.300000 1.203774
0.300000 1.203774
0.300000 1.022385
0.300000 0.443728
0.300000 -0.185507
0.300000 -0.116425
0.300000 -0.250951
0.300000 0.675898
0.300000 -0.217686
0.300000 0.120181
0.300000 1.078090
0.300000 0.834882
0.300000 0.578080
0.300000 -0.385743
0.300000 -1.169519
0.300000 -1.169519
0.300000 -1.169519
0.300000 -1.133389
0.300000 -1.133389
0.300000 -1.396378
0.300000 -0.732462
0.300000 -0.137483
0.300000 -0.696792
0.300000 -1.205921
0.300000 -1.205921
0.300000 -1.205921
0.300000 -0.513479
0.300000 -0.051966
0.300000 0.699378
0.300000 0.699378
0.300000 0.378989
0.300000 1.168597
0.300000 1.465101
0.300000 0.703605
0.300000 0.284949
0.300000 0.063512
0.300000 0.027121
0.300000 0.620485
0.300000 0.620485
0.300000 -0.034266
0.300000 0.785846
0.300000 0.148872
0.300000 -0.368107
0.300000 0.145287
0.300000 -0.387212
0.300000 -1.115853
0.300000 -1.115853
0.300000 -0.614226
0.300000 -0.718702
0.300000 -1.110701
0.300000 -1.110701
0.300000 -1.110701
0.300000 -0.749429
0.300000 -0.749429
0.300000 -0.749429
0.300000 -0.749429
0.300000 -1.522496
0.300000 -1.522496
0.300000 -0.628115
0.300000 -0.439073
0.300000 -1.252610
0.300000 -1.252610
0.300000 -0.804313
0.300000 -0.804313
0.300000 -0.049573
0.300000 -0.887535
0.300000 -1.038477
0.300000 -1.248096
0.300000 -1.178942
0.300000 -1.129252
0.300000 -1.129252
0.300000 -1.129252
0.300000 -1.129252
0.300000 -1.129252
0.300000 -1.129252
0.300000 -1.129252
0.300000 -0.203221
0.300000 0.737477
0.300000 -0.165206
0.300000 -0.096708
0.300000 0.281826
0.300000 -0.311540
0.300000 0.205234
0.300000 -0.517641
0.300000 -1.262825
0.300000 -0.355156
0.300000 0.069132
0.300000 -0.709270
0.300000 -0.090905
0.300000 -0.904969
0.300000 -0.904969
0.300000 -0.904969
0.300000 -1.285500
0.300000 -0.308391
0.300000 -0.822631
0.300000 -0.856057
0.300000 0.051160
0.300000 0.343648
0.300000 -0.428102
0.300000 -1.236843
0.300000 -1.236843
0.300000 -0.575415
0.300000 -0.609155
0.300000 -1.223979
0.300000 -0.400248
0.300000 0.286166
0.300000 -0.363621
0.300000 -1.134152
0.300000 -0.972454
0.300000 -0.972454
0.300000 -0.972454
0.300000 -0.689025
0.300000 -1.184110
0.300000 -1.184110
0.300000 -0.668203
0.300000 -1.318313
0.300000 -1.142721
0.300000 -1.004259
0.300000 -1.135896
0.300000 -1.135896
0.300000 -1.135896
0.300000 -1.175071
0.300000 -1.136942
0.300000 -1.136942
0.300000 -1.136942
0.300000 -1.136942
0.300000 -1.136942
0.300000 -0.630726
0.300000 -1.020430
0.300000 -0.636254
0.300000 -0.663839
0.300000 -0.634042
0.300000 -0.634042
0.300000 -0.515806
0.300000 0.364753
0.300000 -0.092813
0.300000 0.136414
0.300000 -0.066299
0.300000 -0.762505
0.300000 -0.762505
0.300000 0.120190
0.300000 -0.027016
0.300000 0.211562
0.300000 -0.552875
0.300000 -0.697868
0.300000 -0.937101
0.300000 -0.937101
0.300000 -0.937101
0.300000 -0.937101
0.300000 -0.937101
0.300000 -0.898494
0.300000 -0.069778
0.300000 -0.183314
0.300000 -0.689920
0.300000 -0.689920
0.300000 -1.303423
0.300000 -1.303423
0.300000 -0.492753
0.300000 -0.504985
0.300000 -0.792030
0.300000 -0.792030
0.300000 -0.792030
0.300000 -0.792030
0.300000 -0.695738
0.300000 -1.541338
0.300000 -0.732396
0.300000 -1.063944
0.300000 -1.146014
0.300000 -1.432398
0.300000 -0.668069
0.300000 -0.668069
0.300000 -0.668069
0.300000 -0.701516
0.300000 -0.701516
0.300000 -0.701516
0.300000 -0.194283
0.300000 -1.167606
0.300000 -1.167606
0.300000 -1.167606
0.300000 -1.167606
0.300000 -0.545585
0.300000 -1.393283
0.300000 -1.393283
0.300000 -1.333921
0.300000 -0.775943
0.300000 0.160773
0.300000 0.754230
0.300000 0.754230
0.300000 1.395128
0.300000 1.395128
0.300000 0.520220
0.300000 0.333412
0.300000 -0.585152
0.300000 -0.804174
0.300000 -0.804174
0.300000 -0.655025
0.300000 -1.059591
0.300000 -1.354908
0.300000 -1.354908
0.300000 -1.069028
0.300000 -1.349842
0.300000 -1.349842
0.300000 -1.349842
0.300000 -1.349842
0.300000 -1.349842
0.300000 -1.328117
0.300000 -1.224798
0.300000 -1.224798
0.300000 -0.671892
0.300000 -0.184174
0.300000 0.403008
0.300000 1.061305
0.300000 1.061305
0.300000 1.061305
0.300000 1.068337
0.300000 1.068337
0.300000 1.093070
0.300000 1.386662
0.300000 1.386662
0.300000 1.386662
0.300000 0.815409
0.300000 0.815409
0.300000 0.034589
0.300000 0.240555
0.300000 0.014770
0.300000 -0.090121
0.300000 -0.572475
0.300000 -0.029831
0.300000 0.740209
0.300000 0.740209
0.300000 0.740209
0.300000 0.684736
0.300000 0.954064
0.300000 0.954064
0.300000 0.562596
0.300000 0.179470
0.300000 0.270825
0.300000 -0.009463
0.300000 0.702152
0.300000 0.241762
0.300000 0.569226
0.300000 0.569226
0.300000 0.681454
0.300000 0.681454
0.300000 0.612618
0.300000 1.291096
0.300000 1.014743
0.300000 1.069492
0.300000 0.945110
0.300000 0.945110
0.300000 1.003957
0.300000 1.003957
0.300000 1.003957
0.300000 1.003957
0.300000 1.003957
0.300000 1.003957
0.300000 1.003957
0.300000 1.003957
0.300000 1.003957
0.300000 0.462324
0.300000 0.189018
0.300000 0.019309
0.300000 0.679167
0.300000 0.064818
0.300000 -0.005275
0.300000 -0.955038
0.300000 -0.955038
0.300000 -0.955038
0.300000 -0.955038
0.300000 -0.978856
0.300000 -1.462182
0.300000 -1.462182
0.300000 -0.501669
0.300000 -1.237952
0.300000 -1.321111
0.300000 -1.070944
0.300000 -0.836434
0.300000 -1.286889
0.300000 -1.176490
0.300000 -1.176490
0.300000 -1.392041
0.300000 -0.930390
0.300000 -0.391164
0.300000 -0.804247
0.300000 -0.851976
0.300000 -0.851976
0.300000 -1.151426
0.300000 -1.151426
0.300000 -0.926306
0.300000 0.039055
0.300000 0.915081
0.300000 0.915081
0.300000 0.915081
0.300000 0.683566
0.300000 0.098672
0.300000 0.421497
0.300000 -0.316469
0.300000 -0.316469
0.300000 0.298050
0.300000 -0.576818
0.300000 -0.486935
0.300000 -1.289411
0.300000 -1.289411
0.300000 -0.816570
0.300000 -0.816570
0.300000 -1.466532
0.300000 -1.466532
0.300000 -1.466532
0.300000 -1.466532
0.300000 -1.466532
0.300000 -1.466532
0.300000 -1.466532
0.300000 -1.466532
0.300000 -1.330878
0.300000 -0.501521
0.300000 0.434157
0.300000 0.836230
0.300000 -0.071070
0.300000 0.805887
0.300000 1.038292
0.300000 1.038292
0.300000 1.031614
0.300000 1.031614
0.300000 1.035234
0.300000 1.035234
0.300000 1.035234
0.300000 1.009260
0.300000 0.138711
0.300000 -0.202954
0.300000 0.507565
0.300000 0.745341
0.300000 0.745341
0.300000 0.823484
0.300000 0.482568
0.300000 0.281849
0.300000 0.609902
0.300000 1.496838
0.300000 1.496838
0.300000 1.062408
0.300000 0.930088
0.300000 0.930088
0.300000 0.176952
0.300000 -0.035835
0.300000 0.105942
0.300000 -0.224604
0.300000 -0.427132
0.300000 0.520091
0.300000 1.019289
0.300000 0.077262
0.300000 0.598099
0.300000 -0.232632
0.300000 -0.568260
0.300000 -0.721187
0.300000 -0.528076
0.300000 -0.306137
0.300000 -0.506348
0.300000 -0.000508
0.300000 0.775886
0.300000 -0.193789
0.300000 -1.053020
0.300000 -0.984289
0.300000 -0.984289
0.300000 -0.984289
0.300000 -0.984289
0.300000 -0.984289
0.300000 -0.984289
0.300000 -1.305547
0.300000 -1.348665
0.300000 -1.513028
0.300000 -1.513028
0.300000 -1.429523
0.300000 -0.577081
0.300000 -0.221641
0.300000 -0.050939
0.300000 0.515783
0.300000 1.001214
0.300000 1.001214
0.300000 1.001214
0.300000 1.047842
0.300000 0.982331
0.300000 0.601647
0.300000 0.465217
0.300000 0.814245
0.300000 0.814245
0.300000 0.967105
0.300000 0.292634
0.300000 -0.184617
0.300000 0.318921
0.300000 0.814593
0.300000 0.814593
0.300000 0.814593
0.300000 0.814593
0.300000 0.981438
0.300000 1.484526
0.300000 1.181004
0.300000 1.181004
0.300000 1.181004
0.300000 1.181004
0.300000 1.103334
0.300000 0.669325
0.300000 0.094921
0.300000 0.468304
0.300000 1.381515
0.300000 1.283120
0.300000 1.283120
0.300000 1.283120
0.300000 0.836401
0.300000 0.836401
0.300000 0.346722
0.300000 0.482250
0.300000 0.482250
0.300000 0.099224
0.300000 -0.409332
0.300000 -0.517326
0.300000 0.136301
0.300000 -0.372472
0.300000 0.306131
0.300000 -0.519954
0.300000 -0.043393
0.300000 0.166416
0.300000 0.687472
0.300000 -0.107739
0.300000 -0.379258
0.300000 -0.908901
0.300000 -0.908901
0.300000 -0.378767
0.300000 -1.361200
0.300000 -0.638034
0.300000 -1.280396
0.300000 -0.772344
0.300000 -0.953162
0.300000 -0.845372
0.300000 -1.034527
0.300000 -1.034527
0.300000 -0.917561
0.300000 -0.918906
0.300000 -0.509038
0.300000 -1.134824
0.300000 -1.134824
0.300000 -1.134824
0.300000 -1.134824
0.300000 -1.130328
0.300000 -0.250636
0.300000 0.023244
0.300000 0.044103
0.300000 -0.014520
0.300000 0.658056
0.300000 0.658056
0.300000 0.048482
0.300000 0.095511
0.300000 0.960279
0.300000 1.035716
0.300000 1.035716
0.300000 1.077913
0.300000 1.077913
0.300000 1.077913
0.300000 1.434987
0.300000 0.777974
0.300000 0.212106
0.300000 0.129146
0.300000 0.485850
0.300000 0.272373
0.300000 0.847884
0.300000 0.847884
0.300000 0.847884
0.300000 0.847884
0.300000 0.286121
0.300000 0.420427
0.300000 0.320771
0.300000 0.958311
0.300000 0.958311
0.300000 0.958311
0.300000 0.958311
0.300000 0.815733
0.300000 0.815733
0.300000 0.815733
0.300000 0.978992
0.300000 0.960462
0.300000 0.960462
0.300000 1.192827
0.300000 1.192827
0.300000 1.057597
0.300000 1.057597
0.300000 1.339101
0.300000 1.339101
0.300000 1.339101
0.300000 0.946908
0.300000 0.946908
0.300000 1.278598
0.300000 1.278598
0.300000 1.278598
0.300000 1.278598
0.300000 1.278598
0.300000 0.332533
0.300000 0.895272
0.300000 0.542787
0.300000 -0.169984
0.300000 0.762734
0.300000 0.762734
0.300000 0.762734
0.300000 0.296746
0.300000 0.023908
0.300000 -0.804451
0.300000 -1.211465
0.300000 -1.211465
0.300000 -0.969339
0.300000 -1.576144
0.300000 -1.576144
0.300000 -1.576144
0.300000 -1.576144
0.300000 -1.576144
0.300000 -1.295042
0.300000 -1.295042
0.300000 -1.295042
0.300000 -1.175791
0.300000 -1.175791
0.300000 -1.201941
0.300000 -1.353438
0.300000 -0.945846
0.300000 -0.945846
0.300000 -0.945846
0.300000 -0.945846
0.300000 -1.318879
0.300000 -1.050298
0.300000 -0.237058
0.300000 -0.545968
0.300000 -1.354262
0.300000 -0.624928
0.300000 -0.423786
0.300000 0.454046
0.300000 0.454046
0.300000 0.660124
0.300000 0.694244
0.300000 0.348737
0.300000 0.765822
0.300000 0.765822
0.300000 0.556877
0.300000 0.546151
0.300000 -0.368457
0.300000 0.631427
0.300000 0.631427
0.300000 0.159903
0.300000 0.632389
0.300000 0.173265
0.300000 -0.422130
0.300000 -0.330284
0.300000 0.655221
0.300000 1.130320
0.300000 0.539469
0.300000 0.528070
0.300000 0.528070
0.300000 -0.274472
0.300000 -0.647696
0.300000 -0.647696
0.300000 -1.268008
0.300000 -0.742014
0.300000 -0.742014
0.300000 -0.742014
0.300000 -0.742014
0.300000 -1.171235
0.300000 -1.171235
0.300000 -1.171235
0.300000 -0.323412
0.300000 -0.817329
0.300000 -0.817329
0.300000 -0.791271
0.300000 -1.074457
0.300000 -0.776242
0.300000 -0.776242
0.300000 -0.776242
0.300000 -1.202855
0.300000 -0.766980
0.300000 -0.766980
0.300000 -0.578414
0.300000 -0.375331
0.300000 -1.129573
0.300000 -1.129573
0.300000 -1.129573
0.300000 -1.129573
0.300000 -0.478239
0.300000 0.261483
0.300000 1.197878
0.300000 0.259031
0.300000 0.755289
0.300000 0.755289
0.300000 0.755289
0.300000 0.910022
0.300000 1.198563
0.300000 1.198563
0.300000 0.969661
0.300000 0.570163
0.300000 -0.398143
0.300000 0.206387
0.300000 0.733075
0.300000 0.733075
0.300000 1.208404
0.300000 1.079478
0.300000 1.079478
0.300000 0.580709
0.300000 0.435866
0.300000 0.969349
0.300000 0.969349
0.300000 0.969349
0.300000 0.969349
0.300000 1.434947
0.300000 0.779861
0.300000 0.732570
0.300000 0.732570
