0.380446 0.141821 0.138889 0.338845 
0.410263 0.005204 0.217902 0.366631 
0.407712 0.026872 0.201332 0.364084 
0.380354 0.000050 0.328961 0.290635 
0.392819 0.000070 0.363493 0.243619 
0.387647 0.000100 0.414263 0.197991 
0.404886 0.000009 0.424692 0.170413 
0.380554 0.000000 0.410669 0.208777 
0.303076 0.000000 0.403665 0.293259 
0.449956 0.000000 0.393495 0.156549 
0.508253 0.000000 0.416644 0.075103 
0.522039 0.000000 0.425855 0.052106 
0.524361 0.000000 0.439353 0.036286 
0.556677 0.000000 0.430085 0.013237 
0.586591 0.000000 0.406543 0.006866 
0.575643 0.000000 0.419887 0.004470 
0.555761 0.000000 0.439055 0.005184 
0.559894 0.000000 0.435389 0.004716 
0.753343 0.000000 0.241879 0.004778 
0.880248 0.000000 0.114268 0.005484 
0.879953 0.000000 0.114897 0.005150 
0.879636 0.000000 0.115528 0.004836 
0.910224 0.000000 0.085075 0.004701 
0.932849 0.000000 0.062989 0.004162 
0.947092 0.000000 0.051230 0.001678 
0.948415 0.000000 0.049774 0.001812 
0.942328 0.000000 0.057291 0.000381 
0.939100 0.000000 0.060740 0.000159 
0.940737 0.000000 0.059189 0.000073 
0.945864 0.000000 0.054083 0.000053 
0.951192 0.000000 0.048765 0.000043 
0.952186 0.000000 0.047799 0.000015 
0.956673 0.000000 0.043322 0.000005 
0.963532 0.000000 0.036463 0.000005 
0.960875 0.000000 0.039124 0.000001 
0.960860 0.000000 0.039139 0.000000 
0.955965 0.000000 0.044035 0.000000 
0.953036 0.000000 0.046964 0.000000 
0.944233 0.000000 0.055767 0.000000 
0.941035 0.000000 0.058965 0.000000 
0.950216 0.000000 0.049784 0.000000 
0.956975 0.000000 0.043025 0.000000 
0.955167 0.000000 0.044833 0.000000 
0.959275 0.000000 0.040725 0.000000 
0.962730 0.000000 0.037270 0.000000 
0.959281 0.000000 0.040719 0.000000 
0.951179 0.000000 0.048821 0.000000 
0.944663 0.000000 0.055337 0.000000 
0.941294 0.000000 0.058706 0.000000 
0.951701 0.000000 0.048299 0.000000 
0.952197 0.000000 0.047803 0.000000 
0.952070 0.000000 0.047930 0.000000 
0.945788 0.000000 0.054212 0.000000 
0.942869 0.000000 0.057131 0.000000 
0.942446 0.000000 0.057554 0.000000 
0.940291 0.000000 0.059709 0.000000 
0.942617 0.000000 0.057383 0.000000 
0.938551 0.000000 0.061449 0.000000 
0.938161 0.000000 0.061839 0.000000 
0.939747 0.000000 0.060253 0.000000 
0.945342 0.000000 0.054658 0.000000 
0.953613 0.000000 0.046387 0.000000 
0.948645 0.000000 0.051355 0.000000 
0.939229 0.000000 0.060771 0.000000 
0.938842 0.000000 0.061158 0.000000 
0.934942 0.000000 0.065058 0.000000 
0.927685 0.000000 0.072315 0.000000 
0.918465 0.000000 0.081535 0.000000 
0.916659 0.000000 0.083341 0.000000 
0.919663 0.000000 0.080337 0.000000 
0.921638 0.000000 0.078362 0.000000 
0.932195 0.000000 0.067805 0.000000 
0.931637 0.000000 0.068363 0.000000 
0.919203 0.000000 0.080797 0.000000 
0.896153 0.000000 0.103847 0.000000 
0.867475 0.000000 0.132525 0.000000 
0.826334 0.000000 0.173666 0.000000 
0.797678 0.000000 0.202322 0.000000 
0.794137 0.000000 0.205863 0.000000 
0.769332 0.000000 0.230668 0.000000 
0.772165 0.000000 0.227835 0.000000 
0.794421 0.000000 0.205579 0.000000 
0.816612 0.000000 0.183388 0.000000 
0.817163 0.000000 0.182837 0.000000 
0.790700 0.000000 0.209300 0.000000 
0.780677 0.000000 0.219323 0.000000 
0.753774 0.000000 0.246226 0.000000 
0.752794 0.000000 0.247206 0.000000 
0.751810 0.000000 0.248190 0.000000 
0.748899 0.000000 0.251101 0.000000 
0.738438 0.000000 0.261562 0.000000 
0.737651 0.000000 0.262349 0.000000 
0.735625 0.000000 0.264375 0.000000 
0.698093 0.000000 0.301907 0.000000 
0.725722 0.000000 0.274278 0.000000 
0.724182 0.000000 0.275818 0.000000 
0.704319 0.000000 0.295681 0.000000 
0.718791 0.000000 0.281209 0.000000 
0.730074 0.000000 0.269926 0.000000 
0.729214 0.000000 0.270786 0.000000 
0.714918 0.000000 0.285082 0.000000 
0.685724 0.000000 0.314276 0.000000 
0.667740 0.000000 0.332260 0.000000 
0.678206 0.000000 0.321794 0.000000 
0.689531 0.000000 0.310469 0.000000 
0.697254 0.000000 0.302746 0.000000 
0.694032 0.000000 0.305968 0.000000 
0.684274 0.000000 0.315726 0.000000 
0.691504 0.000000 0.308496 0.000000 
0.730115 0.000000 0.269885 0.000000 
0.761762 0.000000 0.238238 0.000000 
0.764705 0.000000 0.235295 0.000000 
0.768859 0.000000 0.231141 0.000000 
0.762987 0.000000 0.237013 0.000000 
0.741863 0.000000 0.258137 0.000000 
0.720849 0.000000 0.279151 0.000000 
0.726723 0.000000 0.273277 0.000000 
0.693116 0.000000 0.306884 0.000000 
0.696463 0.000000 0.303537 0.000000 
0.716449 0.000000 0.283551 0.000000 
0.686495 0.000000 0.313505 0.000000 
0.694003 0.000000 0.305997 0.000000 
0.740875 0.000000 0.259125 0.000000 
0.713530 0.000000 0.286470 0.000000 
0.771315 0.000000 0.228685 0.000000 
0.789709 0.000000 0.210291 0.000000 
0.796500 0.000000 0.203500 0.000000 
0.795613 0.000000 0.204387 0.000000 
0.764452 0.000000 0.235548 0.000000 
0.734745 0.000000 0.265255 0.000000 
0.742030 0.000000 0.257970 0.000000 
0.741265 0.000000 0.258735 0.000000 
0.708301 0.000000 0.291699 0.000000 
0.710628 0.000000 0.289372 0.000000 
0.655636 0.000000 0.344364 0.000000 
0.656238 0.000000 0.343762 0.000000 
0.601725 0.000000 0.398275 0.000000 
0.674135 0.000000 0.325865 0.000000 
0.767038 0.000000 0.232962 0.000000 
0.830605 0.000000 0.169395 0.000000 
0.879550 0.000000 0.120450 0.000000 
0.868943 0.000000 0.131057 0.000000 
0.866100 0.000000 0.133900 0.000000 
0.872225 0.000000 0.127775 0.000000 
0.849275 0.000000 0.150725 0.000000 
0.848589 0.000000 0.151411 0.000000 
0.830513 0.000000 0.169487 0.000000 
0.810759 0.000000 0.189241 0.000000 
0.829949 0.000000 0.170051 0.000000 
0.829226 0.000000 0.170774 0.000000 
0.828500 0.000000 0.171500 0.000000 
0.835208 0.000000 0.164792 0.000000 
0.820873 0.000000 0.179127 0.000000 
0.825597 0.000000 0.174403 0.000000 
0.821274 0.000000 0.178726 0.000000 
0.812073 0.000000 0.187927 0.000000 
0.824400 0.000000 0.175600 0.000000 
0.825456 0.000000 0.174544 0.000000 
0.848269 0.000000 0.151731 0.000000 
0.844291 0.000000 0.155709 0.000000 
0.849285 0.000000 0.150715 0.000000 
0.864643 0.000000 0.135357 0.000000 
0.872755 0.000000 0.127245 0.000000 
0.874191 0.000000 0.125809 0.000000 
0.880076 0.000000 0.119924 0.000000 
0.864107 0.000000 0.135893 0.000000 
0.857774 0.000000 0.142226 0.000000 
0.858038 0.000000 0.141962 0.000000 
0.860277 0.000000 0.139723 0.000000 
0.861903 0.000000 0.138097 0.000000 
0.838041 0.000000 0.161959 0.000000 
0.834399 0.000000 0.165601 0.000000 
0.833426 0.000000 0.166574 0.000000 
0.820205 0.000000 0.179795 0.000000 
0.811196 0.000000 0.188804 0.000000 
0.817122 0.000000 0.182878 0.000000 
0.821803 0.000000 0.178197 0.000000 
0.836075 0.000000 0.163925 0.000000 
0.854278 0.000000 0.145722 0.000000 
0.862649 0.000000 0.137351 0.000000 
0.867780 0.000000 0.132220 0.000000 
0.872747 0.000000 0.127253 0.000000 
0.893175 0.000000 0.106825 0.000000 
0.908152 0.000000 0.091848 0.000000 
0.897352 0.000000 0.102648 0.000000 
0.904216 0.000000 0.095784 0.000000 
0.915038 0.000000 0.084962 0.000000 
0.918497 0.000000 0.081503 0.000000 
0.929948 0.000000 0.070052 0.000000 
0.921858 0.000000 0.078142 0.000000 
0.912921 0.000000 0.087079 0.000000 
0.916885 0.000000 0.083115 0.000000 
0.916659 0.000000 0.083341 0.000000 
0.916433 0.000000 0.083567 0.000000 
0.921424 0.000000 0.078576 0.000000 
0.925404 0.000000 0.074596 0.000000 
0.929259 0.000000 0.070741 0.000000 
0.930271 0.000000 0.069729 0.000000 
0.931269 0.000000 0.068731 0.000000 
0.938113 0.000000 0.061887 0.000000 
0.943148 0.000000 0.056852 0.000000 
0.950128 0.000000 0.049872 0.000000 
0.951113 0.000000 0.048887 0.000000 
0.955260 0.000000 0.044740 0.000000 
0.949863 0.000000 0.050137 0.000000 
0.951266 0.000000 0.048734 0.000000 
0.952631 0.000000 0.047369 0.000000 
0.944222 0.000000 0.055778 0.000000 
0.953509 0.000000 0.046491 0.000000 
0.961564 0.000000 0.038436 0.000000 
0.964066 0.000000 0.035934 0.000000 
0.969312 0.000000 0.030688 0.000000 
0.972476 0.000000 0.027524 0.000000 
0.972255 0.000000 0.027745 0.000000 
0.970450 0.000000 0.029550 0.000000 
0.970007 0.000000 0.029993 0.000000 
0.969727 0.000000 0.030273 0.000000 
0.964107 0.000000 0.035893 0.000000 
0.964161 0.000000 0.035839 0.000000 
0.970558 0.000000 0.029442 0.000000 
0.974771 0.000000 0.025229 0.000000 
0.975438 0.000000 0.024562 0.000000 
0.976428 0.000000 0.023572 0.000000 
0.978362 0.000000 0.021638 0.000000 
0.981026 0.000000 0.018974 0.000000 
0.983368 0.000000 0.016632 0.000000 
0.985169 0.000000 0.014831 0.000000 
0.986137 0.000000 0.013863 0.000000 
0.987922 0.000000 0.012078 0.000000 
0.989854 0.000000 0.010146 0.000000 
0.990501 0.000000 0.009499 0.000000 
0.990136 0.000000 0.009864 0.000000 
0.991672 0.000000 0.008328 0.000000 
0.990399 0.000000 0.009601 0.000000 
0.990057 0.000000 0.009943 0.000000 
0.987857 0.000000 0.012143 0.000000 
0.985775 0.000000 0.014225 0.000000 
0.982636 0.000000 0.017364 0.000000 
0.981137 0.000000 0.018863 0.000000 
0.978649 0.000000 0.021351 0.000000 
0.978980 0.000000 0.021020 0.000000 
0.976073 0.000000 0.023927 0.000000 
0.973068 0.000000 0.026932 0.000000 
0.968935 0.000000 0.031065 0.000000 
0.966642 0.000000 0.033358 0.000000 
0.961389 0.000000 0.038611 0.000000 
0.966600 0.000000 0.033400 0.000000 
0.982160 0.000000 0.017840 0.000000 
0.982167 0.000000 0.017833 0.000000 
0.982371 0.000000 0.017629 0.000000 
0.983312 0.000000 0.016688 0.000000 
0.985816 0.000000 0.014184 0.000000 
0.987724 0.000000 0.012276 0.000000 
0.989379 0.000000 0.010621 0.000000 
0.991173 0.000000 0.008827 0.000000 
0.990565 0.000000 0.009435 0.000000 
0.990388 0.000000 0.009612 0.000000 
0.991660 0.000000 0.008340 0.000000 
0.991793 0.000000 0.008207 0.000000 
0.992484 0.000000 0.007516 0.000000 
0.991258 0.000000 0.008742 0.000000 
0.991725 0.000000 0.008275 0.000000 
0.991483 0.000000 0.008517 0.000000 
0.992233 0.000000 0.007767 0.000000 
0.992285 0.000000 0.007715 0.000000 
0.991394 0.000000 0.008606 0.000000 
0.990146 0.000000 0.009854 0.000000 
0.989791 0.000000 0.010209 0.000000 
0.988383 0.000000 0.011617 0.000000 
0.990643 0.000000 0.009357 0.000000 
0.991043 0.000000 0.008957 0.000000 
0.991555 0.000000 0.008445 0.000000 
0.990904 0.000000 0.009096 0.000000 
0.994716 0.000000 0.005284 0.000000 
0.995241 0.000000 0.004759 0.000000 
0.995787 0.000000 0.004213 0.000000 
0.996271 0.000000 0.003729 0.000000 
0.993735 0.000000 0.006265 0.000000 
0.993686 0.000000 0.006314 0.000000 
0.994364 0.000000 0.005636 0.000000 
0.994440 0.000000 0.005560 0.000000 
0.994441 0.000000 0.005559 0.000000 
0.994442 0.000000 0.005558 0.000000 
0.995126 0.000000 0.004874 0.000000 
0.995999 0.000000 0.004001 0.000000 
0.996549 0.000000 0.003451 0.000000 
0.997174 0.000000 0.002826 0.000000 
0.997675 0.000000 0.002325 0.000000 
0.998058 0.000000 0.001942 0.000000 
0.997648 0.000000 0.002352 0.000000 
0.997644 0.000000 0.002356 0.000000 
0.997471 0.000000 0.002529 0.000000 
0.997478 0.000000 0.002522 0.000000 
0.997225 0.000000 0.002775 0.000000 
0.997455 0.000000 0.002545 0.000000 
0.997371 0.000000 0.002629 0.000000 
0.997425 0.000000 0.002575 0.000000 
0.997017 0.000000 0.002983 0.000000 
0.996556 0.000000 0.003444 0.000000 
0.996031 0.000000 0.003969 0.000000 
0.996418 0.000000 0.003582 0.000000 
0.996922 0.000000 0.003078 0.000000 
0.997397 0.000000 0.002603 0.000000 
0.997363 0.000000 0.002637 0.000000 
0.997348 0.000000 0.002652 0.000000 
0.997367 0.000000 0.002633 0.000000 
0.997493 0.000000 0.002507 0.000000 
0.997082 0.000000 0.002918 0.000000 
0.996745 0.000000 0.003255 0.000000 
0.996786 0.000000 0.003214 0.000000 
0.998048 0.000000 0.001952 0.000000 
0.997746 0.000000 0.002254 0.000000 
0.997802 0.000000 0.002198 0.000000 
0.997856 0.000000 0.002144 0.000000 
0.997419 0.000000 0.002581 0.000000 
0.997186 0.000000 0.002814 0.000000 
0.997102 0.000000 0.002898 0.000000 
0.997190 0.000000 0.002810 0.000000 
0.997541 0.000000 0.002459 0.000000 
0.997990 0.000000 0.002010 0.000000 
0.998219 0.000000 0.001781 0.000000 
0.998281 0.000000 0.001719 0.000000 
0.998376 0.000000 0.001624 0.000000 
0.998572 0.000000 0.001428 0.000000 
0.998800 0.000000 0.001200 0.000000 
0.998793 0.000000 0.001207 0.000000 
0.998764 0.000000 0.001236 0.000000 
0.997928 0.000000 0.002072 0.000000 
0.997853 0.000000 0.002147 0.000000 
0.997807 0.000000 0.002193 0.000000 
0.997708 0.000000 0.002292 0.000000 
0.997667 0.000000 0.002333 0.000000 
0.997458 0.000000 0.002542 0.000000 
0.997414 0.000000 0.002586 0.000000 
0.997463 0.000000 0.002537 0.000000 
0.997217 0.000000 0.002783 0.000000 
0.997475 0.000000 0.002525 0.000000 
0.997707 0.000000 0.002293 0.000000 
0.997860 0.000000 0.002140 0.000000 
0.997863 0.000000 0.002137 0.000000 
0.997638 0.000000 0.002362 0.000000 
0.999197 0.000000 0.000803 0.000000 
0.999378 0.000000 0.000622 0.000000 
0.999519 0.000000 0.000481 0.000000 
0.999627 0.000000 0.000373 0.000000 
0.999646 0.000000 0.000354 0.000000 
0.999567 0.000000 0.000433 0.000000 
0.999556 0.000000 0.000444 0.000000 
0.999546 0.000000 0.000454 0.000000 
0.999547 0.000000 0.000453 0.000000 
0.999548 0.000000 0.000452 0.000000 
0.999549 0.000000 0.000451 0.000000 
0.999543 0.000000 0.000457 0.000000 
0.999437 0.000000 0.000563 0.000000 
0.999730 0.000000 0.000270 0.000000 
0.999791 0.000000 0.000209 0.000000 
0.999788 0.000000 0.000212 0.000000 
0.999840 0.000000 0.000160 0.000000 
0.999856 0.000000 0.000144 0.000000 
0.999882 0.000000 0.000118 0.000000 
0.999903 0.000000 0.000097 0.000000 
0.999894 0.000000 0.000106 0.000000 
0.999884 0.000000 0.000116 0.000000 
0.999870 0.000000 0.000130 0.000000 
0.999850 0.000000 0.000150 0.000000 
0.999821 0.000000 0.000179 0.000000 
0.999798 0.000000 0.000202 0.000000 
0.999864 0.000000 0.000136 0.000000 
0.999854 0.000000 0.000146 0.000000 
0.999847 0.000000 0.000153 0.000000 
0.999863 0.000000 0.000137 0.000000 
0.999860 0.000000 0.000140 0.000000 
0.999831 0.000000 0.000169 0.000000 
0.999834 0.000000 0.000166 0.000000 
0.999850 0.000000 0.000150 0.000000 
0.999870 0.000000 0.000130 0.000000 
0.999890 0.000000 0.000110 0.000000 
0.999909 0.000000 0.000091 0.000000 
0.999916 0.000000 0.000084 0.000000 
0.999914 0.000000 0.000086 0.000000 
0.999914 0.000000 0.000086 0.000000 
0.999938 0.000000 0.000062 0.000000 
0.999955 0.000000 0.000045 0.000000 
0.999965 0.000000 0.000035 0.000000 
0.999974 0.000000 0.000026 0.000000 
0.999974 0.000000 0.000026 0.000000 
0.999974 0.000000 0.000026 0.000000 
0.999974 0.000000 0.000026 0.000000 
0.999976 0.000000 0.000024 0.000000 
0.999977 0.000000 0.000023 0.000000 
0.999976 0.000000 0.000024 0.000000 
0.999979 0.000000 0.000021 0.000000 
0.999983 0.000000 0.000017 0.000000 
0.999986 0.000000 0.000014 0.000000 
0.999990 0.000000 0.000010 0.000000 
0.999992 0.000000 0.000008 0.000000 
0.999992 0.000000 0.000008 0.000000 
0.999992 0.000000 0.000008 0.000000 
0.999993 0.000000 0.000007 0.000000 
0.999992 0.000000 0.000008 0.000000 
0.999992 0.000000 0.000008 0.000000 
0.999992 0.000000 0.000008 0.000000 
0.999994 0.000000 0.000006 0.000000 
0.999993 0.000000 0.000007 0.000000 
0.999993 0.000000 0.000007 0.000000 
0.999994 0.000000 0.000006 0.000000 
0.999995 0.000000 0.000005 0.000000 
0.999995 0.000000 0.000005 0.000000 
0.999996 0.000000 0.000004 0.000000 
0.999996 0.000000 0.000004 0.000000 
0.999995 0.000000 0.000005 0.000000 
0.999995 0.000000 0.000005 0.000000 
0.999994 0.000000 0.000006 0.000000 
0.999995 0.000000 0.000005 0.000000 
0.999994 0.000000 0.000006 0.000000 
0.999994 0.000000 0.000006 0.000000 
0.999995 0.000000 0.000005 0.000000 
0.999996 0.000000 0.000004 0.000000 
0.999996 0.000000 0.000004 0.000000 
0.999996 0.000000 0.000004 0.000000 
0.999997 0.000000 0.000003 0.000000 
0.999997 0.000000 0.000003 0.000000 
0.999997 0.000000 0.000003 0.000000 
0.999997 0.000000 0.000003 0.000000 
0.999997 0.000000 0.000003 0.000000 
0.999997 0.000000 0.000003 0.000000 
0.999997 0.000000 0.000003 0.000000 
0.999998 0.000000 0.000002 0.000000 
0.999997 0.000000 0.000003 0.000000 
0.999998 0.000000 0.000002 0.000000 
0.999999 0.000000 0.000001 0.000000 
0.999999 0.000000 0.000001 0.000000 
0.999999 0.000000 0.000001 0.000000 
0.999999 0.000000 0.000001 0.000000 
0.999999 0.000000 0.000001 0.000000 
0.999999 0.000000 0.000001 0.000000 
0.999999 0.000000 0.000001 0.000000 
0.999999 0.000000 0.000001 0.000000 
0.999999 0.000000 0.000001 0.000000 
0.999998 0.000000 0.000002 0.000000 
0.999998 0.000000 0.000002 0.000000 
0.999998 0.000000 0.000002 0.000000 
0.999998 0.000000 0.000002 0.000000 
0.999998 0.000000 0.000002 0.000000 
0.999998 0.000000 0.000002 0.000000 
0.999998 0.000000 0.000002 0.000000 
0.999998 0.000000 0.000002 0.000000 
0.999998 0.000000 0.000002 0.000000 
0.999998 0.000000 0.000002 0.000000 
0.999997 0.000000 0.000003 0.000000 
0.999997 0.000000 0.000003 0.000000 
0.999997 0.000000 0.000003 0.000000 
0.999997 0.000000 0.000003 0.000000 
0.999996 0.000000 0.000004 0.000000 
0.999995 0.000000 0.000005 0.000000 
0.999995 0.000000 0.000005 0.000000 
0.999996 0.000000 0.000004 0.000000 
0.999996 0.000000 0.000004 0.000000 
0.999996 0.000000 0.000004 0.000000 
0.999996 0.000000 0.000004 0.000000 
0.999997 0.000000 0.000003 0.000000 
0.999997 0.000000 0.000003 0.000000 
0.999997 0.000000 0.000003 0.000000 
0.999997 0.000000 0.000003 0.000000 
0.999997 0.000000 0.000003 0.000000 
0.999997 0.000000 0.000003 0.000000 
0.999997 0.000000 0.000003 0.000000 
0.999998 0.000000 0.000002 0.000000 
0.999999 0.000000 0.000001 0.000000 
0.999999 0.000000 0.000001 0.000000 
0.999999 0.000000 0.000001 0.000000 
0.999999 0.000000 0.000001 0.000000 
0.999999 0.000000 0.000001 0.000000 
0.999999 0.000000 0.000001 0.000000 
0.999999 0.000000 0.000001 0.000000 
0.999999 0.000000 0.000001 0.000000 
0.999999 0.000000 0.000001 0.000000 
0.999999 0.000000 0.000001 0.000000 
0.999999 0.000000 0.000001 0.000000 
0.999999 0.000000 0.000001 0.000000 
0.999999 0.000000 0.000001 0.000000 
0.999999 0.000000 0.000001 0.000000 
0.999999 0.000000 0.000001 0.000000 
0.999999 0.000000 0.000001 0.000000 
0.999999 0.000000 0.000001 0.000000 
0.999999 0.000000 0.000001 0.000000 
0.999999 0.000000 0.000001 0.000000 
0.999999 0.000000 0.000001 0.000000 
0.999999 0.000000 0.000001 0.000000 
0.999999 0.000000 0.000001 0.000000 
0.999999 0.000000 0.000001 0.000000 
0.999999 0.000000 0.000001 0.000000 
0.999998 0.000000 0.000002 0.000000 
0.999998 0.000000 0.000002 0.000000 
0.999999 0.000000 0.000001 0.000000 
0.999999 0.000000 0.000001 0.000000 
0.999999 0.000000 0.000001 0.000000 
0.999999 0.000000 0.000001 0.000000 
0.999999 0.000000 0.000001 0.000000 
0.999999 0.000000 0.000001 0.000000 
0.999999 0.000000 0.000001 0.000000 
0.999999 0.000000 0.000001 0.000000 
0.999998 0.000000 0.000002 0.000000 
0.999998 0.000000 0.000002 0.000000 
0.999998 0.000000 0.000002 0.000000 
0.999997 0.000000 0.000003 0.000000 
0.999997 0.000000 0.000003 0.000000 
0.999997 0.000000 0.000003 0.000000 
0.999997 0.000000 0.000003 0.000000 
0.999997 0.000000 0.000003 0.000000 
0.999997 0.000000 0.000003 0.000000 
0.999997 0.000000 0.000003 0.000000 
0.999997 0.000000 0.000003 0.000000 
0.999997 0.000000 0.000003 0.000000 
0.999997 0.000000 0.000003 0.000000 
0.999997 0.000000 0.000003 0.000000 
0.999998 0.000000 0.000002 0.000000 
0.999998 0.000000 0.000002 0.000000 
0.999998 0.000000 0.000002 0.000000 
0.999998 0.000000 0.000002 0.000000 
0.999998 0.000000 0.000002 0.000000 
0.999998 0.000000 0.000002 0.000000 
0.999998 0.000000 0.000002 0.000000 
0.999998 0.000000 0.000002 0.000000 
0.999998 0.000000 0.000002 0.000000 
0.999998 0.000000 0.000002 0.000000 
0.999998 0.000000 0.000002 0.000000 
0.999998 0.000000 0.000002 0.000000 
0.999998 0.000000 0.000002 0.000000 
0.999998 0.000000 0.000002 0.000000 
0.999998 0.000000 0.000002 0.000000 
0.999998 0.000000 0.000002 0.000000 
0.999998 0.000000 0.000002 0.000000 
0.999997 0.000000 0.000003 0.000000 
0.999997 0.000000 0.000003 0.000000 
0.999997 0.000000 0.000003 0.000000 
0.999997 0.000000 0.000003 0.000000 
0.999997 0.000000 0.000003 0.000000 
0.999997 0.000000 0.000003 0.000000 
0.999997 0.000000 0.000003 0.000000 
0.999997 0.000000 0.000003 0.000000 
0.999997 0.000000 0.000003 0.000000 
0.999997 0.000000 0.000003 0.000000 
0.999998 0.000000 0.000002 0.000000 
0.999998 0.000000 0.000002 0.000000 
0.999998 0.000000 0.000002 0.000000 
0.999998 0.000000 0.000002 0.000000 
0.999998 0.000000 0.000002 0.000000 
0.999998 0.000000 0.000002 0.000000 
0.999998 0.000000 0.000002 0.000000 
0.999999 0.000000 0.000001 0.000000 
0.999999 0.000000 0.000001 0.000000 
0.999999 0.000000 0.000001 0.000000 
0.999998 0.000000 0.000002 0.000000 
0.999998 0.000000 0.000002 0.000000 
0.999998 0.000000 0.000002 0.000000 
0.999998 0.000000 0.000002 0.000000 
0.999998 0.000000 0.000002 0.000000 
0.999998 0.000000 0.000002 0.000000 
0.999998 0.000000 0.000002 0.000000 
0.999998 0.000000 0.000002 0.000000 
0.999998 0.000000 0.000002 0.000000 
0.999998 0.000000 0.000002 0.000000 
0.999998 0.000000 0.000002 0.000000 
0.999998 0.000000 0.000002 0.000000 
0.999998 0.000000 0.000002 0.000000 
0.999998 0.000000 0.000002 0.000000 
0.999998 0.000000 0.000002 0.000000 
0.999998 0.000000 0.000002 0.000000 
0.999998 0.000000 0.000002 0.000000 
0.999997 0.000000 0.000003 0.000000 
0.999998 0.000000 0.000002 0.000000 
0.999998 0.000000 0.000002 0.000000 
0.999998 0.000000 0.000002 0.000000 
0.999998 0.000000 0.000002 0.000000 
0.999998 0.000000 0.000002 0.000000 
0.999998 0.000000 0.000002 0.000000 
0.999998 0.000000 0.000002 0.000000 
0.999999 0.000000 0.000001 0.000000 
0.999999 0.000000 0.000001 0.000000 
0.999998 0.000000 0.000002 0.000000 
0.999998 0.000000 0.000002 0.000000 
0.999999 0.000000 0.000001 0.000000 
0.999998 0.000000 0.000002 0.000000 
0.999997 0.000000 0.000003 0.000000 
0.999992 0.000000 0.000008 0.000000 
0.999976 0.000000 0.000024 0.000000 
0.999926 0.000000 0.000074 0.000000 
0.999813 0.000000 0.000187 0.000000 
0.999526 0.000000 0.000474 0.000000 
0.998799 0.000000 0.001201 0.000000 
0.998797 0.000000 0.001203 0.000000 
0.999399 0.000000 0.000601 0.000000 
0.999700 0.000000 0.000300 0.000000 
0.999698 0.000000 0.000302 0.000000 
0.999683 0.000000 0.000317 0.000000 
0.999621 0.000000 0.000379 0.000000 
0.999676 0.000000 0.000324 0.000000 
0.999731 0.000000 0.000269 0.000000 
0.999807 0.000000 0.000193 0.000000 
0.999865 0.000000 0.000135 0.000000 
0.999906 0.000000 0.000094 0.000000 
0.999935 0.000000 0.000065 0.000000 
0.999929 0.000000 0.000071 0.000000 
0.999930 0.000000 0.000070 0.000000 
0.999927 0.000000 0.000073 0.000000 
0.999927 0.000000 0.000073 0.000000 
0.999921 0.000000 0.000079 0.000000 
0.999915 0.000000 0.000085 0.000000 
0.999922 0.000000 0.000078 0.000000 
0.999924 0.000000 0.000076 0.000000 
0.999927 0.000000 0.000073 0.000000 
0.999929 0.000000 0.000071 0.000000 
0.999936 0.000000 0.000064 0.000000 
0.999943 0.000000 0.000057 0.000000 
0.999950 0.000000 0.000050 0.000000 
0.999948 0.000000 0.000052 0.000000 
0.999952 0.000000 0.000048 0.000000 
0.999942 0.000000 0.000058 0.000000 
0.999943 0.000000 0.000057 0.000000 
0.999941 0.000000 0.000059 0.000000 
0.999947 0.000000 0.000053 0.000000 
0.999947 0.000000 0.000053 0.000000 
0.999948 0.000000 0.000052 0.000000 
0.999939 0.000000 0.000061 0.000000 
0.999931 0.000000 0.000069 0.000000 
0.999937 0.000000 0.000063 0.000000 
0.999945 0.000000 0.000055 0.000000 
0.999934 0.000000 0.000066 0.000000 
0.999920 0.000000 0.000080 0.000000 
0.999920 0.000000 0.000080 0.000000 
0.999916 0.000000 0.000084 0.000000 
0.999902 0.000000 0.000098 0.000000 
0.999882 0.000000 0.000118 0.000000 
0.999857 0.000000 0.000143 0.000000 
0.999859 0.000000 0.000141 0.000000 
0.999854 0.000000 0.000146 0.000000 
0.999870 0.000000 0.000130 0.000000 
0.999893 0.000000 0.000107 0.000000 
0.999910 0.000000 0.000090 0.000000 
0.999923 0.000000 0.000077 0.000000 
0.999937 0.000000 0.000063 0.000000 
0.999939 0.000000 0.000061 0.000000 
0.999932 0.000000 0.000068 0.000000 
0.999925 0.000000 0.000075 0.000000 
0.999917 0.000000 0.000083 0.000000 
0.999900 0.000000 0.000100 0.000000 
0.999911 0.000000 0.000089 0.000000 
0.999911 0.000000 0.000089 0.000000 
0.999907 0.000000 0.000093 0.000000 
0.999940 0.000000 0.000060 0.000000 
0.999939 0.000000 0.000061 0.000000 
0.999937 0.000000 0.000063 0.000000 
0.999940 0.000000 0.000060 0.000000 
0.999940 0.000000 0.000060 0.000000 
0.999940 0.000000 0.000060 0.000000 
0.999937 0.000000 0.000063 0.000000 
0.999930 0.000000 0.000070 0.000000 
0.999954 0.000000 0.000046 0.000000 
0.999957 0.000000 0.000043 0.000000 
0.999958 0.000000 0.000042 0.000000 
0.999960 0.000000 0.000040 0.000000 
0.999960 0.000000 0.000040 0.000000 
0.999960 0.000000 0.000040 0.000000 
0.999947 0.000000 0.000053 0.000000 
0.999964 0.000000 0.000036 0.000000 
0.999963 0.000000 0.000037 0.000000 
0.999962 0.000000 0.000038 0.000000 
0.999960 0.000000 0.000040 0.000000 
0.999964 0.000000 0.000036 0.000000 
0.999967 0.000000 0.000033 0.000000 
0.999970 0.000000 0.000030 0.000000 
0.999974 0.000000 0.000026 0.000000 
0.999968 0.000000 0.000032 0.000000 
0.999963 0.000000 0.000037 0.000000 
0.999961 0.000000 0.000039 0.000000 
0.999962 0.000000 0.000038 0.000000 
0.999963 0.000000 0.000037 0.000000 
0.999967 0.000000 0.000033 0.000000 
0.999970 0.000000 0.000030 0.000000 
0.999974 0.000000 0.000026 0.000000 
0.999978 0.000000 0.000022 0.000000 
0.999979 0.000000 0.000021 0.000000 
0.999978 0.000000 0.000022 0.000000 
0.999973 0.000000 0.000027 0.000000 
0.999967 0.000000 0.000033 0.000000 
0.999966 0.000000 0.000034 0.000000 
0.999965 0.000000 0.000035 0.000000 
0.999964 0.000000 0.000036 0.000000 
0.999969 0.000000 0.000031 0.000000 
0.999971 0.000000 0.000029 0.000000 
0.999972 0.000000 0.000028 0.000000 
0.999971 0.000000 0.000029 0.000000 
0.999968 0.000000 0.000032 0.000000 
0.999962 0.000000 0.000038 0.000000 
0.999960 0.000000 0.000040 0.000000 
0.999957 0.000000 0.000043 0.000000 
0.999962 0.000000 0.000038 0.000000 
0.999968 0.000000 0.000032 0.000000 
0.999968 0.000000 0.000032 0.000000 
0.999973 0.000000 0.000027 0.000000 
0.999977 0.000000 0.000023 0.000000 
0.999978 0.000000 0.000022 0.000000 
0.999979 0.000000 0.000021 0.000000 
0.999975 0.000000 0.000025 0.000000 
0.999974 0.000000 0.000026 0.000000 
0.999969 0.000000 0.000031 0.000000 
0.999969 0.000000 0.000031 0.000000 
0.999970 0.000000 0.000030 0.000000 
0.999971 0.000000 0.000029 0.000000 
0.999966 0.000000 0.000034 0.000000 
0.999964 0.000000 0.000036 0.000000 
0.999969 0.000000 0.000031 0.000000 
0.999969 0.000000 0.000031 0.000000 
0.999971 0.000000 0.000029 0.000000 
0.999970 0.000000 0.000030 0.000000 
0.999977 0.000000 0.000023 0.000000 
0.999979 0.000000 0.000021 0.000000 
0.999981 0.000000 0.000019 0.000000 
0.999982 0.000000 0.000018 0.000000 
0.999982 0.000000 0.000018 0.000000 
0.999983 0.000000 0.000017 0.000000 
0.999984 0.000000 0.000016 0.000000 
0.999984 0.000000 0.000016 0.000000 
0.999985 0.000000 0.000015 0.000000 
0.999984 0.000000 0.000016 0.000000 
0.999984 0.000000 0.000016 0.000000 
0.999984 0.000000 0.000016 0.000000 
0.999985 0.000000 0.000015 0.000000 
0.999986 0.000000 0.000014 0.000000 
0.999988 0.000000 0.000012 0.000000 
0.999990 0.000000 0.000010 0.000000 
0.999992 0.000000 0.000008 0.000000 
0.999991 0.000000 0.000009 0.000000 
0.999991 0.000000 0.000009 0.000000 
0.999991 0.000000 0.000009 0.000000 
0.999991 0.000000 0.000009 0.000000 
0.999990 0.000000 0.000010 0.000000 
0.999991 0.000000 0.000009 0.000000 
0.999991 0.000000 0.000009 0.000000 
0.999991 0.000000 0.000009 0.000000 
0.999990 0.000000 0.000010 0.000000 
0.999988 0.000000 0.000012 0.000000 
0.999989 0.000000 0.000011 0.000000 
0.999990 0.000000 0.000010 0.000000 
0.999990 0.000000 0.000010 0.000000 
0.999990 0.000000 0.000010 0.000000 
0.999990 0.000000 0.000010 0.000000 
0.999990 0.000000 0.000010 0.000000 
0.999990 0.000000 0.000010 0.000000 
0.999990 0.000000 0.000010 0.000000 
0.999990 0.000000 0.000010 0.000000 
0.999990 0.000000 0.000010 0.000000 
0.999990 0.000000 0.000010 0.000000 
0.999986 0.000000 0.000014 0.000000 
0.999983 0.000000 0.000017 0.000000 
0.999974 0.000000 0.000026 0.000000 
0.999971 0.000000 0.000029 0.000000 
0.999967 0.000000 0.000033 0.000000 
0.999967 0.000000 0.000033 0.000000 
0.999967 0.000000 0.000033 0.000000 
0.999968 0.000000 0.000032 0.000000 
0.999970 0.000000 0.000030 0.000000 
0.999970 0.000000 0.000030 0.000000 
0.999971 0.000000 0.000029 0.000000 
0.999970 0.000000 0.000030 0.000000 
0.999966 0.000000 0.000034 0.000000 
0.999966 0.000000 0.000034 0.000000 
0.999958 0.000000 0.000042 0.000000 
0.999955 0.000000 0.000045 0.000000 
0.999963 0.000000 0.000037 0.000000 
0.999962 0.000000 0.000038 0.000000 
0.999962 0.000000 0.000038 0.000000 
0.999962 0.000000 0.000038 0.000000 
0.999961 0.000000 0.000039 0.000000 
0.999959 0.000000 0.000041 0.000000 
0.999963 0.000000 0.000037 0.000000 
0.999946 0.000000 0.000054 0.000000 
0.999949 0.000000 0.000051 0.000000 
0.999947 0.000000 0.000053 0.000000 
0.999943 0.000000 0.000057 0.000000 
0.999939 0.000000 0.000061 0.000000 
0.999941 0.000000 0.000059 0.000000 
0.999943 0.000000 0.000057 0.000000 
0.999944 0.000000 0.000056 0.000000 
0.999943 0.000000 0.000057 0.000000 
0.999943 0.000000 0.000057 0.000000 
0.999947 0.000000 0.000053 0.000000 
0.999947 0.000000 0.000053 0.000000 
0.999936 0.000000 0.000064 0.000000 
0.999935 0.000000 0.000065 0.000000 
0.999923 0.000000 0.000077 0.000000 
0.999948 0.000000 0.000052 0.000000 
0.999953 0.000000 0.000047 0.000000 
0.999958 0.000000 0.000042 0.000000 
0.999957 0.000000 0.000043 0.000000 
0.999964 0.000000 0.000036 0.000000 
0.999967 0.000000 0.000033 0.000000 
0.999967 0.000000 0.000033 0.000000 
0.999967 0.000000 0.000033 0.000000 
0.999968 0.000000 0.000032 0.000000 
0.999972 0.000000 0.000028 0.000000 
0.999976 0.000000 0.000024 0.000000 
0.999980 0.000000 0.000020 0.000000 
0.999983 0.000000 0.000017 0.000000 
0.999984 0.000000 0.000016 0.000000 
0.999985 0.000000 0.000015 0.000000 
0.999983 0.000000 0.000017 0.000000 
0.999986 0.000000 0.000014 0.000000 
0.999986 0.000000 0.000014 0.000000 
0.999988 0.000000 0.000012 0.000000 
0.999990 0.000000 0.000010 0.000000 
0.999991 0.000000 0.000009 0.000000 
0.999991 0.000000 0.000009 0.000000 
0.999989 0.000000 0.000011 0.000000 
0.999988 0.000000 0.000012 0.000000 
0.999988 0.000000 0.000012 0.000000 
0.999987 0.000000 0.000013 0.000000 
0.999984 0.000000 0.000016 0.000000 
0.999982 0.000000 0.000018 0.000000 
0.999982 0.000000 0.000018 0.000000 
0.999981 0.000000 0.000019 0.000000 
0.999981 0.000000 0.000019 0.000000 
0.999981 0.000000 0.000019 0.000000 
0.999983 0.000000 0.000017 0.000000 
0.999985 0.000000 0.000015 0.000000 
0.999987 0.000000 0.000013 0.000000 
0.999990 0.000000 0.000010 0.000000 
0.999993 0.000000 0.000007 0.000000 
0.999994 0.000000 0.000006 0.000000 
0.999994 0.000000 0.000006 0.000000 
0.999995 0.000000 0.000005 0.000000 
0.999995 0.000000 0.000005 0.000000 
0.999996 0.000000 0.000004 0.000000 
0.999996 0.000000 0.000004 0.000000 
0.999997 0.000000 0.000003 0.000000 
0.999997 0.000000 0.000003 0.000000 
0.999998 0.000000 0.000002 0.000000 
0.999998 0.000000 0.000002 0.000000 
0.999998 0.000000 0.000002 0.000000 
0.999997 0.000000 0.000003 0.000000 
0.999997 0.000000 0.000003 0.000000 
0.999997 0.000000 0.000003 0.000000 
0.999996 0.000000 0.000004 0.000000 
0.999996 0.000000 0.000004 0.000000 
0.999995 0.000000 0.000005 0.000000 
0.999996 0.000000 0.000004 0.000000 
0.999996 0.000000 0.000004 0.000000 
0.999996 0.000000 0.000004 0.000000 
0.999996 0.000000 0.000004 0.000000 
0.999995 0.000000 0.000005 0.000000 
0.999996 0.000000 0.000004 0.000000 
0.999997 0.000000 0.000003 0.000000 
0.999997 0.000000 0.000003 0.000000 
0.999997 0.000000 0.000003 0.000000 
0.999996 0.000000 0.000004 0.000000 
0.999996 0.000000 0.000004 0.000000 
0.999997 0.000000 0.000003 0.000000 
0.999997 0.000000 0.000003 0.000000 
0.999996 0.000000 0.000004 0.000000 
0.999996 0.000000 0.000004 0.000000 
0.999996 0.000000 0.000004 0.000000 
0.999995 0.000000 0.000005 0.000000 
0.999995 0.000000 0.000005 0.000000 
0.999996 0.000000 0.000004 0.000000 
0.999996 0.000000 0.000004 0.000000 
0.999997 0.000000 0.000003 0.000000 
0.999997 0.000000 0.000003 0.000000 
0.999997 0.000000 0.000003 0.000000 
0.999998 0.000000 0.000002 0.000000 
0.999998 0.000000 0.000002 0.000000 
0.999998 0.000000 0.000002 0.000000 
0.999998 0.000000 0.000002 0.000000 
0.999998 0.000000 0.000002 0.000000 
0.999998 0.000000 0.000002 0.000000 
0.999998 0.000000 0.000002 0.000000 
0.999997 0.000000 0.000003 0.000000 
0.999997 0.000000 0.000003 0.000000 
0.999997 0.000000 0.000003 0.000000 
0.999997 0.000000 0.000003 0.000000 
0.999997 0.000000 0.000003 0.000000 
0.999997 0.000000 0.000003 0.000000 
0.999997 0.000000 0.000003 0.000000 
0.999997 0.000000 0.000003 0.000000 
0.999997 0.000000 0.000003 0.000000 
0.999998 0.000000 0.000002 0.000000 
0.999998 0.000000 0.000002 0.000000 
0.999997 0.000000 0.000003 0.000000 
0.999998 0.000000 0.000002 0.000000 
0.999998 0.000000 0.000002 0.000000 
0.999998 0.000000 0.000002 0.000000 
0.999998 0.000000 0.000002 0.000000 
0.999999 0.000000 0.000001 0.000000 
0.999999 0.000000 0.000001 0.000000 
0.999999 0.000000 0.000001 0.000000 
0.999999 0.000000 0.000001 0.000000 
0.999999 0.000000 0.000001 0.000000 
0.999999 0.000000 0.000001 0.000000 
0.999999 0.000000 0.000001 0.000000 
0.999999 0.000000 0.000001 0.000000 
0.999999 0.000000 0.000001 0.000000 
0.999999 0.000000 0.000001 0.000000 
0.999999 0.000000 0.000001 0.000000 
0.999999 0.000000 0.000001 0.000000 
0.999999 0.000000 0.000001 0.000000 
0.999999 0.000000 0.000001 0.000000 
0.999999 0.000000 0.000001 0.000000 
0.999999 0.000000 0.000001 0.000000 
0.999999 0.000000 0.000001 0.000000 
0.999999 0.000000 0.000001 0.000000 
0.999999 0.000000 0.000001 0.000000 
0.999999 0.000000 0.000001 0.000000 
0.999999 0.000000 0.000001 0.000000 
0.999999 0.000000 0.000001 0.000000 
0.999999 0.000000 0.000001 0.000000 
0.999999 0.000000 0.000001 0.000000 
0.999999 0.000000 0.000001 0.000000 
0.999999 0.000000 0.000001 0.000000 
0.999999 0.000000 0.000001 0.000000 
0.999999 0.000000 0.000001 0.000000 
0.999999 0.000000 0.000001 0.000000 
0.999999 0.000000 0.000001 0.000000 
1.000000 0.000000 0.000000 0.000000 
1.000000 0.000000 0.000000 0.000000 
1.000000 0.000000 0.000000 0.000000 
1.000000 0.000000 0.000000 0.000000 
1.000000 0.000000 0.000000 0.000000 
1.000000 0.000000 0.000000 0.000000 
1.000000 0.000000 0.000000 0.000000 
1.000000 0.000000 0.000000 0.000000 
1.000000 0.000000 0.000000 0.000000 
1.000000 0.000000 0.000000 0.000000 
1.000000 0.000000 0.000000 0.000000 
1.000000 0.000000 0.000000 0.000000 
1.000000 0.000000 0.000000 0.000000 
1.000000 0.000000 0.000000 0.000000 
1.000000 0.000000 0.000000 0.000000 
1.000000 0.000000 0.000000 0.000000 
1.000000 0.000000 0.000000 0.000000 
1.000000 0.000000 0.000000 0.000000 
1.000000 0.000000 0.000000 0.000000 
1.000000 0.000000 0.000000 0.000000 
1.000000 0.000000 0.000000 0.000000 
1.000000 0.000000 0.000000 0.000000 
1.000000 0.000000 0.000000 0.000000 
1.000000 0.000000 0.000000 0.000000 
1.000000 0.000000 0.000000 0.000000 
1.000000 0.000000 0.000000 0.000000 
1.000000 0.000000 0.000000 0.000000 
1.000000 0.000000 0.000000 0.000000 
1.000000 0.000000 0.000000 0.000000 
1.000000 0.000000 0.000000 0.000000 
1.000000 0.000000 0.000000 0.000000 
1.000000 0.000000 0.000000 0.000000 
1.000000 0.000000 0.000000 0.000000 
1.000000 0.000000 0.000000 0.000000 
1.000000 0.000000 0.000000 0.000000 
1.000000 0.000000 0.000000 0.000000 
1.000000 0.000000 0.000000 0.000000 
1.000000 0.000000 0.000000 0.000000 
1.000000 0.000000 0.000000 0.000000 
1.000000 0.000000 0.000000 0.000000 
1.000000 0.000000 0.000000 0.000000 
1.000000 0.000000 0.000000 0.000000 
1.000000 0.000000 0.000000 0.000000 
1.000000 0.000000 0.000000 0.000000 
1.000000 0.000000 0.000000 0.000000 
1.000000 0.000000 0.000000 0.000000 
1.000000 0.000000 0.000000 0.000000 
1.000000 0.000000 0.000000 0.000000 
1.000000 0.000000 0.000000 0.000000 
1.000000 0.000000 0.000000 0.000000 
1.000000 0.000000 0.000000 0.000000 
1.000000 0.000000 0.000000 0.000000 
1.000000 0.000000 0.000000 0.000000 
1.000000 0.000000 0.000000 0.000000 
1.000000 0.000000 0.000000 0.000000 
1.000000 0.000000 0.000000 0.000000 
1.000000 0.000000 0.000000 0.000000 
1.000000 0.000000 0.000000 0.000000 
1.000000 0.000000 0.000000 0.000000 
1.000000 0.000000 0.000000 0.000000 
1.000000 0.000000 0.000000 0.000000 
1.000000 0.000000 0.000000 0.000000 
1.000000 0.000000 0.000000 0.000000 
1.000000 0.000000 0.000000 0.000000 
1.000000 0.000000 0.000000 0.000000 
1.000000 0.000000 0.000000 0.000000 
1.000000 0.000000 0.000000 0.000000 
1.000000 0.000000 0.000000 0.000000 
1.000000 0.000000 0.000000 0.000000 
1.000000 0.000000 0.000000 0.000000 
1.000000 0.000000 0.000000 0.000000 
1.000000 0.000000 0.000000 0.000000 
1.000000 0.000000 0.000000 0.000000 
1.000000 0.000000 0.000000 0.000000 
1.000000 0.000000 0.000000 0.000000 
1.000000 0.000000 0.000000 0.000000 
1.000000 0.000000 0.000000 0.000000 
1.000000 0.000000 0.000000 0.000000 
1.000000 0.000000 0.000000 0.000000 
1.000000 0.000000 0.000000 0.000000 
1.000000 0.000000 0.000000 0.000000 
1.000000 0.000000 0.000000 0.000000 
1.000000 0.000000 0.000000 0.000000 
1.000000 0.000000 0.000000 0.000000 
1.000000 0.000000 0.000000 0.000000 
1.000000 0.000000 0.000000 0.000000 
1.000000 0.000000 0.000000 0.000000 
1.000000 0.000000 0.000000 0.000000 
1.000000 0.000000 0.000000 0.000000 
1.000000 0.000000 0.000000 0.000000 
1.000000 0.000000 0.000000 0.000000 
1.000000 0.000000 0.000000 0.000000 
1.000000 0.000000 0.000000 0.000000 
1.000000 0.000000 0.000000 0.000000 
1.000000 0.000000 0.000000 0.000000 
1.000000 0.000000 0.000000 0.000000 
1.000000 0.000000 0.000000 0.000000 
1.000000 0.000000 0.000000 0.000000 
1.000000 0.000000 0.000000 0.000000 
1.000000 0.000000 0.000000 0.000000 
1.000000 0.000000 0.000000 0.000000 
1.000000 0.000000 0.000000 0.000000 
1.000000 0.000000 0.000000 0.000000 
1.000000 0.000000 0.000000 0.000000 
1.000000 0.000000 0.000000 0.000000 
1.000000 0.000000 0.000000 0.000000 
1.000000 0.000000 0.000000 0.000000 
1.000000 0.000000 0.000000 0.000000 
1.000000 0.000000 0.000000 0.000000 
1.000000 0.000000 0.000000 0.000000 
1.000000 0.000000 0.000000 0.000000 
1.000000 0.000000 0.000000 0.000000 
1.000000 0.000000 0.000000 0.000000 
1.000000 0.000000 0.000000 0.000000 
1.000000 0.000000 0.000000 0.000000 
1.000000 0.000000 0.000000 0.000000 
1.000000 0.000000 0.000000 0.000000 
1.000000 0.000000 0.000000 0.000000 
1.000000 0.000000 0.000000 0.000000 
1.000000 0.000000 0.000000 0.000000 
1.000000 0.000000 0.000000 0.000000 
1.000000 0.000000 0.000000 0.000000 
1.000000 0.000000 0.000000 0.000000 
1.000000 0.000000 0.000000 0.000000 
1.000000 0.000000 0.000000 0.000000 
1.000000 0.000000 0.000000 0.000000 
1.000000 0.000000 0.000000 0.000000 
1.000000 0.000000 0.000000 0.000000 
1.000000 0.000000 0.000000 0.000000 
1.000000 0.000000 0.000000 0.000000 
1.000000 0.000000 0.000000 0.000000 
1.000000 0.000000 0.000000 0.000000 
1.000000 0.000000 0.000000 0.000000 
1.000000 0.000000 0.000000 0.000000 
1.000000 0.000000 0.000000 0.000000 
1.000000 0.000000 0.000000 0.000000 
1.000000 0.000000 0.000000 0.000000 
1.000000 0.000000 0.000000 0.000000 
1.000000 0.000000 0.000000 0.000000 
1.000000 0.000000 0.000000 0.000000 
1.000000 0.000000 0.000000 0.000000 
1.000000 0.000000 0.000000 0.000000 
1.000000 0.000000 0.000000 0.000000 
1.000000 0.000000 0.000000 0.000000 
1.000000 0.000000 0.000000 0.000000 
1.000000 0.000000 0.000000 0.000000 
1.000000 0.000000 0.000000 0.000000 
1.000000 0.000000 0.000000 0.000000 
1.000000 0.000000 0.000000 0.000000 
1.000000 0.000000 0.000000 0.000000 
1.000000 0.000000 0.000000 0.000000 
1.000000 0.000000 0.000000 0.000000 
1.000000 0.000000 0.000000 0.000000 
1.000000 0.000000 0.000000 0.000000 
1.000000 0.000000 0.000000 0.000000 
1.000000 0.000000 0.000000 0.000000 
1.000000 0.000000 0.000000 0.000000 
1.000000 0.000000 0.000000 0.000000 
1.000000 0.000000 0.000000 0.000000 
1.000000 0.000000 0.000000 0.000000 
1.000000 0.000000 0.000000 0.000000 
1.000000 0.000000 0.000000 0.000000 
1.000000 0.000000 0.000000 0.000000 
1.000000 0.000000 0.000000 0.000000 
1.000000 0.000000 0.000000 0.000000 
1.000000 0.000000 0.000000 0.000000 
1.000000 0.000000 0.000000 0.000000 
1.000000 0.000000 0.000000 0.000000 
1.000000 0.000000 0.000000 0.000000 
1.000000 0.000000 0.000000 0.000000 
1.000000 0.000000 0.000000 0.000000 
1.000000 0.000000 0.000000 0.000000 
1.000000 0.000000 0.000000 0.000000 
1.000000 0.000000 0.000000 0.000000 
1.000000 0.000000 0.000000 0.000000 
1.000000 0.000000 0.000000 0.000000 
1.000000 0.000000 0.000000 0.000000 
1.000000 0.000000 0.000000 0.000000 
1.000000 0.000000 0.000000 0.000000 
1.000000 0.000000 0.000000 0.000000 
1.000000 0.000000 0.000000 0.000000 
1.000000 0.000000 0.000000 0.000000 
1.000000 0.000000 0.000000 0.000000 
1.000000 0.000000 0.000000 0.000000 
1.000000 0.000000 0.000000 0.000000 
1.000000 0.000000 0.000000 0.000000 
1.000000 0.000000 0.000000 0.000000 
1.000000 0.000000 0.000000 0.000000 
1.000000 0.000000 0.000000 0.000000 
1.000000 0.000000 0.000000 0.000000 
1.000000 0.000000 0.000000 0.000000 
1.000000 0.000000 0.000000 0.000000 
1.000000 0.000000 0.000000 0.000000 
1.000000 0.000000 0.000000 0.000000 
1.000000 0.000000 0.000000 0.000000 
1.000000 0.000000 0.000000 0.000000 
1.000000 0.000000 0.000000 0.000000 
1.000000 0.000000 0.000000 0.000000 
1.000000 0.000000 0.000000 0.000000 
1.000000 0.000000 0.000000 0.000000 
1.000000 0.000000 0.000000 0.000000 
1.000000 0.000000 0.000000 0.000000 
1.000000 0.000000 0.000000 0.000000 
1.000000 0.000000 0.000000 0.000000 
1.000000 0.000000 0.000000 0.000000 
1.000000 0.000000 0.000000 0.000000 
1.000000 0.000000 0.000000 0.000000 
1.000000 0.000000 0.000000 0.000000 
1.000000 0.000000 0.000000 0.000000 
1.000000 0.000000 0.000000 0.000000 
1.000000 0.000000 0.000000 0.000000 
1.000000 0.000000 0.000000 0.000000 
1.000000 0.000000 0.000000 0.000000 
1.000000 0.000000 0.000000 0.000000 
1.000000 0.000000 0.000000 0.000000 
1.000000 0.000000 0.000000 0.000000 
1.000000 0.000000 0.000000 0.000000 
1.000000 0.000000 0.000000 0.000000 
1.000000 0.000000 0.000000 0.000000 
1.000000 0.000000 0.000000 0.000000 
1.000000 0.000000 0.000000 0.000000 
1.000000 0.000000 0.000000 0.000000 
1.000000 0.000000 0.000000 0.000000 
1.000000 0.000000 0.000000 0.000000 
1.000000 0.000000 0.000000 0.000000 
1.000000 0.000000 0.000000 0.000000 
1.000000 0.000000 0.000000 0.000000 
1.000000 0.000000 0.000000 0.000000 
1.000000 0.000000 0.000000 0.000000 
1.000000 0.000000 0.000000 0.000000 
1.000000 0.000000 0.000000 0.000000 
1.000000 0.000000 0.000000 0.000000 
1.000000 0.000000 0.000000 0.000000 
1.000000 0.000000 0.000000 0.000000 
1.000000 0.000000 0.000000 0.000000 
1.000000 0.000000 0.000000 0.000000 
1.000000 0.000000 0.000000 0.000000 
1.000000 0.000000 0.000000 0.000000 
1.000000 0.000000 0.000000 0.000000 
1.000000 0.000000 0.000000 0.000000 
1.000000 0.000000 0.000000 0.000000 
1.000000 0.000000 0.000000 0.000000 
1.000000 0.000000 0.000000 0.000000 
1.000000 0.000000 0.000000 0.000000 
1.000000 0.000000 0.000000 0.000000 
1.000000 0.000000 0.000000 0.000000 
1.000000 0.000000 0.000000 0.000000 
1.000000 0.000000 0.000000 0.000000 
1.000000 0.000000 0.000000 0.000000 
1.000000 0.000000 0.000000 0.000000 
1.000000 0.000000 0.000000 0.000000 
1.000000 0.000000 0.000000 0.000000 
1.000000 0.000000 0.000000 0.000000 
1.000000 0.000000 0.000000 0.000000 
1.000000 0.000000 0.000000 0.000000 
1.000000 0.000000 0.000000 0.000000 
1.000000 0.000000 0.000000 0.000000 
1.000000 0.000000 0.000000 0.000000 
1.000000 0.000000 0.000000 0.000000 
1.000000 0.000000 0.000000 0.000000 
1.000000 0.000000 0.000000 0.000000 
1.000000 0.000000 0.000000 0.000000 
1.000000 0.000000 0.000000 0.000000 
1.000000 0.000000 0.000000 0.000000 
1.000000 0.000000 0.000000 0.000000 
1.000000 0.000000 0.000000 0.000000 
1.000000 0.000000 0.000000 0.000000 
1.000000 0.000000 0.000000 0.000000 
1.000000 0.000000 0.000000 0.000000 
1.000000 0.000000 0.000000 0.000000 
1.000000 0.000000 0.000000 0.000000 
1.000000 0.000000 0.000000 0.000000 
1.000000 0.000000 0.000000 0.000000 
1.000000 0.000000 0.000000 0.000000 
1.000000 0.000000 0.000000 0.000000 
1.000000 0.000000 0.000000 0.000000 
1.000000 0.000000 0.000000 0.000000 
1.000000 0.000000 0.000000 0.000000 
1.000000 0.000000 0.000000 0.000000 
1.000000 0.000000 0.000000 0.000000 
1.000000 0.000000 0.000000 0.000000 
1.000000 0.000000 0.000000 0.000000 
1.000000 0.000000 0.000000 0.000000 
1.000000 0.000000 0.000000 0.000000 
1.000000 0.000000 0.000000 0.000000 
1.000000 0.000000 0.000000 0.000000 
1.000000 0.000000 0.000000 0.000000 
1.000000 0.000000 0.000000 0.000000 
1.000000 0.000000 0.000000 0.000000 
1.000000 0.000000 0.000000 0.000000 
1.000000 0.000000 0.000000 0.000000 
1.000000 0.000000 0.000000 0.000000 
1.000000 0.000000 0.000000 0.000000 
1.000000 0.000000 0.000000 0.000000 
1.000000 0.000000 0.000000 0.000000 
1.000000 0.000000 0.000000 0.000000 
1.000000 0.000000 0.000000 0.000000 
1.000000 0.000000 0.000000 0.000000 
1.000000 0.000000 0.000000 0.000000 
1.000000 0.000000 0.000000 0.000000 
1.000000 0.000000 0.000000 0.000000 
1.000000 0.000000 0.000000 0.000000 
1.000000 0.000000 0.000000 0.000000 
1.000000 0.000000 0.000000 0.000000 
1.000000 0.000000 0.000000 0.000000 
1.000000 0.000000 0.000000 0.000000 
1.000000 0.000000 0.000000 0.000000 
1.000000 0.000000 0.000000 0.000000 
1.000000 0.000000 0.000000 0.000000 
1.000000 0.000000 0.000000 0.000000 
1.000000 0.000000 0.000000 0.000000 
1.000000 0.000000 0.000000 0.000000 
1.000000 0.000000 0.000000 0.000000 
1.000000 0.000000 0.000000 0.000000 
1.000000 0.000000 0.000000 0.000000 
1.000000 0.000000 0.000000 0.000000 
1.000000 0.000000 0.000000 0.000000 
1.000000 0.000000 0.000000 0.000000 
1.000000 0.000000 0.000000 0.000000 
1.000000 0.000000 0.000000 0.000000 
1.000000 0.000000 0.000000 0.000000 
1.000000 0.000000 0.000000 0.000000 
1.000000 0.000000 0.000000 0.000000 
1.000000 0.000000 0.000000 0.000000 
1.000000 0.000000 0.000000 0.000000 
1.000000 0.000000 0.000000 0.000000 
1.000000 0.000000 0.000000 0.000000 
1.000000 0.000000 0.000000 0.000000 
1.000000 0.000000 0.000000 0.000000 
1.000000 0.000000 0.000000 0.000000 
1.000000 0.000000 0.000000 0.000000 
1.000000 0.000000 0.000000 0.000000 
1.000000 0.000000 0.000000 0.000000 
1.000000 0.000000 0.000000 0.000000 
1.000000 0.000000 0.000000 0.000000 
1.000000 0.000000 0.000000 0.000000 
1.000000 0.000000 0.000000 0.000000 
1.000000 0.000000 0.000000 0.000000 
1.000000 0.000000 0.000000 0.000000 
1.000000 0.000000 0.000000 0.000000 
1.000000 0.000000 0.000000 0.000000 
1.000000 0.000000 0.000000 0.000000 
1.000000 0.000000 0.000000 0.000000 
1.000000 0.000000 0.000000 0.000000 
1.000000 0.000000 0.000000 0.000000 
1.000000 0.000000 0.000000 0.000000 
1.000000 0.000000 0.000000 0.000000 
1.000000 0.000000 0.000000 0.000000 
1.000000 0.000000 0.000000 0.000000 
1.000000 0.000000 0.000000 0.000000 
1.000000 0.000000 0.000000 0.000000 
1.000000 0.000000 0.000000 0.000000 
1.000000 0.000000 0.000000 0.000000 
1.000000 0.000000 0.000000 0.000000 
1.000000 0.000000 0.000000 0.000000 
1.000000 0.000000 0.000000 0.000000 
1.000000 0.000000 0.000000 0.000000 
1.000000 0.000000 0.000000 0.000000 
1.000000 0.000000 0.000000 0.000000 
1.000000 0.000000 0.000000 0.000000 
1.000000 0.000000 0.000000 0.000000 
1.000000 0.000000 0.000000 0.000000 
1.000000 0.000000 0.000000 0.000000 
1.000000 0.000000 0.000000 0.000000 
1.000000 0.000000 0.000000 0.000000 
1.000000 0.000000 0.000000 0.000000 
1.000000 0.000000 0.000000 0.000000 
1.000000 0.000000 0.000000 0.000000 
1.000000 0.000000 0.000000 0.000000 
1.000000 0.000000 0.000000 0.000000 
1.000000 0.000000 0.000000 0.000000 
1.000000 0.000000 0.000000 0.000000 
1.000000 0.000000 0.000000 0.000000 
1.000000 0.000000 0.000000 0.000000 
1.000000 0.000000 0.000000 0.000000 
1.000000 0.000000 0.000000 0.000000 
1.000000 0.000000 0.000000 0.000000 
1.000000 0.000000 0.000000 0.000000 
1.000000 0.000000 0.000000 0.000000 
1.000000 0.000000 0.000000 0.000000 
1.000000 0.000000 0.000000 0.000000 
1.000000 0.000000 0.000000 0.000000 
1.000000 0.000000 0.000000 0.000000 
1.000000 0.000000 0.000000 0.000000 
1.000000 0.000000 0.000000 0.000000 
1.000000 0.000000 0.000000 0.000000 
1.000000 0.000000 0.000000 0.000000 
1.000000 0.000000 0.000000 0.000000 
1.000000 0.000000 0.000000 0.000000 
1.000000 0.000000 0.000000 0.000000 
1.000000 0.000000 0.000000 0.000000 
1.000000 0.000000 0.000000 0.000000 
1.000000 0.000000 0.000000 0.000000 
1.000000 0.000000 0.000000 0.000000 
1.000000 0.000000 0.000000 0.000000 
1.000000 0.000000 0.000000 0.000000 
1.000000 0.000000 0.000000 0.000000 
1.000000 0.000000 0.000000 0.000000 
1.000000 0.000000 0.000000 0.000000 
1.000000 0.000000 0.000000 0.000000 
1.000000 0.000000 0.000000 0.000000 
1.000000 0.000000 0.000000 0.000000 
1.000000 0.000000 0.000000 0.000000 
1.000000 0.000000 0.000000 0.000000 
1.000000 0.000000 0.000000 0.000000 
1.000000 0.000000 0.000000 0.000000 
1.000000 0.000000 0.000000 0.000000 
1.000000 0.000000 0.000000 0.000000 
1.000000 0.000000 0.000000 0.000000 
1.000000 0.000000 0.000000 0.000000 
1.000000 0.000000 0.000000 0.000000 
1.000000 0.000000 0.000000 0.000000 
1.000000 0.000000 0.000000 0.000000 
1.000000 0.000000 0.000000 0.000000 
1.000000 0.000000 0.000000 0.000000 
1.000000 0.000000 0.000000 0.000000 
1.000000 0.000000 0.000000 0.000000 
1.000000 0.000000 0.000000 0.000000 
1.000000 0.000000 0.000000 0.000000 
1.000000 0.000000 0.000000 0.000000 
1.000000 0.000000 0.000000 0.000000 
1.000000 0.000000 0.000000 0.000000 
1.000000 0.000000 0.000000 0.000000 
1.000000 0.000000 0.000000 0.000000 
1.000000 0.000000 0.000000 0.000000 
1.000000 0.000000 0.000000 0.000000 
1.000000 0.000000 0.000000 0.000000 
1.000000 0.000000 0.000000 0.000000 
1.000000 0.000000 0.000000 0.000000 
1.000000 0.000000 0.000000 0.000000 
1.000000 0.000000 0.000000 0.000000 
1.000000 0.000000 0.000000 0.000000 
1.000000 0.000000 0.000000 0.000000 
1.000000 0.000000 0.000000 0.000000 
1.000000 0.000000 0.000000 0.000000 
1.000000 0.000000 0.000000 0.000000 
1.000000 0.000000 0.000000 0.000000 
1.000000 0.000000 0.000000 0.000000 
1.000000 0.000000 0.000000 0.000000 
1.000000 0.000000 0.000000 0.000000 
1.000000 0.000000 0.000000 0.000000 
1.000000 0.000000 0.000000 0.000000 
1.000000 0.000000 0.000000 0.000000 
1.000000 0.000000 0.000000 0.000000 
1.000000 0.000000 0.000000 0.000000 
1.000000 0.000000 0.000000 0.000000 
1.000000 0.000000 0.000000 0.000000 
1.000000 0.000000 0.000000 0.000000 
1.000000 0.000000 0.000000 0.000000 
1.000000 0.000000 0.000000 0.000000 
1.000000 0.000000 0.000000 0.000000 
1.000000 0.000000 0.000000 0.000000 
1.000000 0.000000 0.000000 0.000000 
1.000000 0.000000 0.000000 0.000000 
1.000000 0.000000 0.000000 0.000000 
1.000000 0.000000 0.000000 0.000000 
1.000000 0.000000 0.000000 0.000000 
1.000000 0.000000 0.000000 0.000000 
1.000000 0.000000 0.000000 0.000000 
1.000000 0.000000 0.000000 0.000000 
1.000000 0.000000 0.000000 0.000000 
1.000000 0.000000 0.000000 0.000000 
1.000000 0.000000 0.000000 0.000000 
1.000000 0.000000 0.000000 0.000000 
1.000000 0.000000 0.000000 0.000000 
1.000000 0.000000 0.000000 0.000000 
1.000000 0.000000 0.000000 0.000000 
1.000000 0.000000 0.000000 0.000000 
1.000000 0.000000 0.000000 0.000000 
1.000000 0.000000 0.000000 0.000000 
1.000000 0.000000 0.000000 0.000000 
1.000000 0.000000 0.000000 0.000000 
1.000000 0.000000 0.000000 0.000000 
1.000000 0.000000 0.000000 0.000000 
1.000000 0.000000 0.000000 0.000000 
1.000000 0.000000 0.000000 0.000000 
1.000000 0.000000 0.000000 0.000000 
1.000000 0.000000 0.000000 0.000000 
1.000000 0.000000 0.000000 0.000000 
1.000000 0.000000 0.000000 0.000000 
1.000000 0.000000 0.000000 0.000000 
1.000000 0.000000 0.000000 0.000000 
1.000000 0.000000 0.000000 0.000000 
1.000000 0.000000 0.000000 0.000000 
1.000000 0.000000 0.000000 0.000000 
1.000000 0.000000 0.000000 0.000000 
1.000000 0.000000 0.000000 0.000000 
1.000000 0.000000 0.000000 0.000000 
1.000000 0.000000 0.000000 0.000000 
1.000000 0.000000 0.000000 0.000000 
1.000000 0.000000 0.000000 0.000000 
1.000000 0.000000 0.000000 0.000000 
1.000000 0.000000 0.000000 0.000000 
1.000000 0.000000 0.000000 0.000000 
1.000000 0.000000 0.000000 0.000000 
1.000000 0.000000 0.000000 0.000000 
1.000000 0.000000 0.000000 0.000000 
1.000000 0.000000 0.000000 0.000000 
1.000000 0.000000 0.000000 0.000000 
1.000000 0.000000 0.000000 0.000000 
1.000000 0.000000 0.000000 0.000000 
1.000000 0.000000 0.000000 0.000000 
1.000000 0.000000 0.000000 0.000000 
1.000000 0.000000 0.000000 0.000000 
1.000000 0.000000 0.000000 0.000000 
1.000000 0.000000 0.000000 0.000000 
1.000000 0.000000 0.000000 0.000000 
1.000000 0.000000 0.000000 0.000000 
1.000000 0.000000 0.000000 0.000000 
1.000000 0.000000 0.000000 0.000000 
1.000000 0.000000 0.000000 0.000000 
1.000000 0.000000 0.000000 0.000000 
1.000000 0.000000 0.000000 0.000000 
1.000000 0.000000 0.000000 0.000000 
1.000000 0.000000 0.000000 0.000000 
1.000000 0.000000 0.000000 0.000000 
1.000000 0.000000 0.000000 0.000000 
1.000000 0.000000 0.000000 0.000000 
1.000000 0.000000 0.000000 0.000000 
1.000000 0.000000 0.000000 0.000000 
1.000000 0.000000 0.000000 0.000000 
1.000000 0.000000 0.000000 0.000000 
1.000000 0.000000 0.000000 0.000000 
1.000000 0.000000 0.000000 0.000000 
1.000000 0.000000 0.000000 0.000000 
1.000000 0.000000 0.000000 0.000000 
1.000000 0.000000 0.000000 0.000000 
1.000000 0.000000 0.000000 0.000000 
1.000000 0.000000 0.000000 0.000000 
1.000000 0.000000 0.000000 0.000000 
1.000000 0.000000 0.000000 0.000000 
1.000000 0.000000 0.000000 0.000000 
1.000000 0.000000 0.000000 0.000000 
1.000000 0.000000 0.000000 0.000000 
1.000000 0.000000 0.000000 0.000000 
1.000000 0.000000 0.000000 0.000000 
1.000000 0.000000 0.000000 0.000000 
1.000000 0.000000 0.000000 0.000000 
1.000000 0.000000 0.000000 0.000000 
1.000000 0.000000 0.000000 0.000000 
1.000000 0.000000 0.000000 0.000000 
1.000000 0.000000 0.000000 0.000000 
1.000000 0.000000 0.000000 0.000000 
1.000000 0.000000 0.000000 0.000000 
1.000000 0.000000 0.000000 0.000000 
1.000000 0.000000 0.000000 0.000000 
1.000000 0.000000 0.000000 0.000000 
1.000000 0.000000 0.000000 0.000000 
1.000000 0.000000 0.000000 0.000000 
1.000000 0.000000 0.000000 0.000000 
1.000000 0.000000 0.000000 0.000000 
1.000000 0.000000 0.000000 0.000000 
1.000000 0.000000 0.000000 0.000000 
1.000000 0.000000 0.000000 0.000000 
1.000000 0.000000 0.000000 0.000000 
1.000000 0.000000 0.000000 0.000000 
1.000000 0.000000 0.000000 0.000000 
1.000000 0.000000 0.000000 0.000000 
1.000000 0.000000 0.000000 0.000000 
1.000000 0.000000 0.000000 0.000000 
1.000000 0.000000 0.000000 0.000000 
1.000000 0.000000 0.000000 0.000000 
1.000000 0.000000 0.000000 0.000000 
1.000000 0.000000 0.000000 0.000000 
1.000000 0.000000 0.000000 0.000000 
1.000000 0.000000 0.000000 0.000000 
1.000000 0.000000 0.000000 0.000000 
1.000000 0.000000 0.000000 0.000000 
1.000000 0.000000 0.000000 0.000000 
1.000000 0.000000 0.000000 0.000000 
1.000000 0.000000 0.000000 0.000000 
1.000000 0.000000 0.000000 0.000000 
1.000000 0.000000 0.000000 0.000000 
1.000000 0.000000 0.000000 0.000000 
1.000000 0.000000 0.000000 0.000000 
1.000000 0.000000 0.000000 0.000000 
1.000000 0.000000 0.000000 0.000000 
1.000000 0.000000 0.000000 0.000000 
1.000000 0.000000 0.000000 0.000000 
1.000000 0.000000 0.000000 0.000000 
1.000000 0.000000 0.000000 0.000000 
1.000000 0.000000 0.000000 0.000000 
1.000000 0.000000 0.000000 0.000000 
1.000000 0.000000 0.000000 0.000000 
1.000000 0.000000 0.000000 0.000000 
1.000000 0.000000 0.000000 0.000000 
1.000000 0.000000 0.000000 0.000000 
1.000000 0.000000 0.000000 0.000000 
1.000000 0.000000 0.000000 0.000000 
1.000000 0.000000 0.000000 0.000000 
1.000000 0.000000 0.000000 0.000000 
1.000000 0.000000 0.000000 0.000000 
1.000000 0.000000 0.000000 0.000000 
1.000000 0.000000 0.000000 0.000000 
1.000000 0.000000 0.000000 0.000000 
1.000000 0.000000 0.000000 0.000000 
1.000000 0.000000 0.000000 0.000000 
1.000000 0.000000 0.000000 0.000000 
1.000000 0.000000 0.000000 0.000000 
1.000000 0.000000 0.000000 0.000000 
1.000000 0.000000 0.000000 0.000000 
1.000000 0.000000 0.000000 0.000000 
1.000000 0.000000 0.000000 0.000000 
1.000000 0.000000 0.000000 0.000000 
1.000000 0.000000 0.000000 0.000000 
1.000000 0.000000 0.000000 0.000000 
1.000000 0.000000 0.000000 0.000000 
1.000000 0.000000 0.000000 0.000000 
1.000000 0.000000 0.000000 0.000000 
1.000000 0.000000 0.000000 0.000000 
1.000000 0.000000 0.000000 0.000000 
1.000000 0.000000 0.000000 0.000000 
1.000000 0.000000 0.000000 0.000000 
1.000000 0.000000 0.000000 0.000000 
1.000000 0.000000 0.000000 0.000000 
1.000000 0.000000 0.000000 0.000000 
1.000000 0.000000 0.000000 0.000000 
1.000000 0.000000 0.000000 0.000000 
1.000000 0.000000 0.000000 0.000000 
1.000000 0.000000 0.000000 0.000000 
1.000000 0.000000 0.000000 0.000000 
1.000000 0.000000 0.000000 0.000000 
1.000000 0.000000 0.000000 0.000000 
1.000000 0.000000 0.000000 0.000000 
1.000000 0.000000 0.000000 0.000000 
1.000000 0.000000 0.000000 0.000000 
1.000000 0.000000 0.000000 0.000000 
1.000000 0.000000 0.000000 0.000000 
1.000000 0.000000 0.000000 0.000000 
1.000000 0.000000 0.000000 0.000000 
1.000000 0.000000 0.000000 0.000000 
1.000000 0.000000 0.000000 0.000000 
1.000000 0.000000 0.000000 0.000000 
1.000000 0.000000 0.000000 0.000000 
1.000000 0.000000 0.000000 0.000000 
1.000000 0.000000 0.000000 0.000000 
1.000000 0.000000 0.000000 0.000000 
1.000000 0.000000 0.000000 0.000000 
1.000000 0.000000 0.000000 0.000000 
1.000000 0.000000 0.000000 0.000000 
1.000000 0.000000 0.000000 0.000000 
1.000000 0.000000 0.000000 0.000000 
1.000000 0.000000 0.000000 0.000000 
1.000000 0.000000 0.000000 0.000000 
1.000000 0.000000 0.000000 0.000000 
1.000000 0.000000 0.000000 0.000000 
1.000000 0.000000 0.000000 0.000000 
1.000000 0.000000 0.000000 0.000000 
1.000000 0.000000 0.000000 0.000000 
1.000000 0.000000 0.000000 0.000000 
1.000000 0.000000 0.000000 0.000000 
1.000000 0.000000 0.000000 0.000000 
1.000000 0.000000 0.000000 0.000000 
1.000000 0.000000 0.000000 0.000000 
1.000000 0.000000 0.000000 0.000000 
1.000000 0.000000 0.000000 0.000000 
1.000000 0.000000 0.000000 0.000000 
1.000000 0.000000 0.000000 0.000000 
1.000000 0.000000 0.000000 0.000000 
1.000000 0.000000 0.000000 0.000000 
1.000000 0.000000 0.000000 0.000000 
1.000000 0.000000 0.000000 0.000000 
1.000000 0.000000 0.000000 0.000000 
1.000000 0.000000 0.000000 0.000000 
1.000000 0.000000 0.000000 0.000000 
1.000000 0.000000 0.000000 0.000000 
1.000000 0.000000 0.000000 0.000000 
1.000000 0.000000 0.000000 0.000000 
1.000000 0.000000 0.000000 0.000000 
1.000000 0.000000 0.000000 0.000000 
1.000000 0.000000 0.000000 0.000000 
1.000000 0.000000 0.000000 0.000000 
1.000000 0.000000 0.000000 0.000000 
1.000000 0.000000 0.000000 0.000000 
1.000000 0.000000 0.000000 0.000000 
1.000000 0.000000 0.000000 0.000000 
1.000000 0.000000 0.000000 0.000000 
1.000000 0.000000 0.000000 0.000000 
1.000000 0.000000 0.000000 0.000000 
1.000000 0.000000 0.000000 0.000000 
1.000000 0.000000 0.000000 0.000000 
1.000000 0.000000 0.000000 0.000000 
1.000000 0.000000 0.000000 0.000000 
1.000000 0.000000 0.000000 0.000000 
1.000000 0.000000 0.000000 0.000000 
1.000000 0.000000 0.000000 0.000000 
1.000000 0.000000 0.000000 0.000000 
1.000000 0.000000 0.000000 0.000000 
1.000000 0.000000 0.000000 0.000000 
1.000000 0.000000 0.000000 0.000000 
1.000000 0.000000 0.000000 0.000000 
1.000000 0.000000 0.000000 0.000000 
1.000000 0.000000 0.000000 0.000000 
1.000000 0.000000 0.000000 0.000000 
1.000000 0.000000 0.000000 0.000000 
1.000000 0.000000 0.000000 0.000000 
1.000000 0.000000 0.000000 0.000000 
1.000000 0.000000 0.000000 0.000000 
1.000000 0.000000 0.000000 0.000000 
1.000000 0.000000 0.000000 0.000000 
1.000000 0.000000 0.000000 0.000000 
1.000000 0.000000 0.000000 0.000000 
1.000000 0.000000 0.000000 0.000000 
1.000000 0.000000 0.000000 0.000000 
1.000000 0.000000 0.000000 0.000000 
1.000000 0.000000 0.000000 0.000000 
1.000000 0.000000 0.000000 0.000000 
1.000000 0.000000 0.000000 0.000000 
1.000000 0.000000 0.000000 0.000000 
1.000000 0.000000 0.000000 0.000000 
1.000000 0.000000 0.000000 0.000000 
1.000000 0.000000 0.000000 0.000000 
1.000000 0.000000 0.000000 0.000000 
1.000000 0.000000 0.000000 0.000000 
1.000000 0.000000 0.000000 0.000000 
1.000000 0.000000 0.000000 0.000000 
1.000000 0.000000 0.000000 0.000000 
1.000000 0.000000 0.000000 0.000000 
1.000000 0.000000 0.000000 0.000000 
1.000000 0.000000 0.000000 0.000000 
1.000000 0.000000 0.000000 0.000000 
1.000000 0.000000 0.000000 0.000000 
1.000000 0.000000 0.000000 0.000000 
1.000000 0.000000 0.000000 0.000000 
1.000000 0.000000 0.000000 0.000000 
1.000000 0.000000 0.000000 0.000000 
1.000000 0.000000 0.000000 0.000000 
1.000000 0.000000 0.000000 0.000000 
1.000000 0.000000 0.000000 0.000000 
1.000000 0.000000 0.000000 0.000000 
1.000000 0.000000 0.000000 0.000000 
1.000000 0.000000 0.000000 0.000000 
1.000000 0.000000 0.000000 0.000000 
1.000000 0.000000 0.000000 0.000000 
1.000000 0.000000 0.000000 0.000000 
1.000000 0.000000 0.000000 0.000000 
1.000000 0.000000 0.000000 0.000000 
1.000000 0.000000 0.000000 0.000000 
1.000000 0.000000 0.000000 0.000000 
1.000000 0.000000 0.000000 0.000000 
1.000000 0.000000 0.000000 0.000000 
1.000000 0.000000 0.000000 0.000000 
1.000000 0.000000 0.000000 0.000000 
1.000000 0.000000 0.000000 0.000000 
1.000000 0.000000 0.000000 0.000000 
1.000000 0.000000 0.000000 0.000000 
1.000000 0.000000 0.000000 0.000000 
1.000000 0.000000 0.000000 0.000000 
1.000000 0.000000 0.000000 0.000000 
1.000000 0.000000 0.000000 0.000000 
1.000000 0.000000 0.000000 0.000000 
1.000000 0.000000 0.000000 0.000000 
1.000000 0.000000 0.000000 0.000000 
1.000000 0.000000 0.000000 0.000000 
1.000000 0.000000 0.000000 0.000000 
1.000000 0.000000 0.000000 0.000000 
1.000000 0.000000 0.000000 0.000000 
1.000000 0.000000 0.000000 0.000000 
1.000000 0.000000 0.000000 0.000000 
1.000000 0.000000 0.000000 0.000000 
1.000000 0.000000 0.000000 0.000000 
1.000000 0.000000 0.000000 0.000000 
1.000000 0.000000 0.000000 0.000000 
1.000000 0.000000 0.000000 0.000000 
1.000000 0.000000 0.000000 0.000000 
1.000000 0.000000 0.000000 0.000000 
1.000000 0.000000 0.000000 0.000000 
1.000000 0.000000 0.000000 0.000000 
1.000000 0.000000 0.000000 0.000000 
1.000000 0.000000 0.000000 0.000000 
1.000000 0.000000 0.000000 0.000000 
1.000000 0.000000 0.000000 0.000000 
1.000000 0.000000 0.000000 0.000000 
1.000000 0.000000 0.000000 0.000000 
1.000000 0.000000 0.000000 0.000000 
1.000000 0.000000 0.000000 0.000000 
1.000000 0.000000 0.000000 0.000000 
1.000000 0.000000 0.000000 0.000000 
1.000000 0.000000 0.000000 0.000000 
1.000000 0.000000 0.000000 0.000000 
1.000000 0.000000 0.000000 0.000000 
1.000000 0.000000 0.000000 0.000000 
1.000000 0.000000 0.000000 0.000000 
1.000000 0.000000 0.000000 0.000000 
1.000000 0.000000 0.000000 0.000000 
1.000000 0.000000 0.000000 0.000000 
1.000000 0.000000 0.000000 0.000000 
1.000000 0.000000 0.000000 0.000000 
1.000000 0.000000 0.000000 0.000000 
1.000000 0.000000 0.000000 0.000000 
1.000000 0.000000 0.000000 0.000000 
1.000000 0.000000 0.000000 0.000000 
1.000000 0.000000 0.000000 0.000000 
1.000000 0.000000 0.000000 0.000000 
1.000000 0.000000 0.000000 0.000000 
1.000000 0.000000 0.000000 0.000000 
1.000000 0.000000 0.000000 0.000000 
1.000000 0.000000 0.000000 0.000000 
1.000000 0.000000 0.000000 0.000000 
1.000000 0.000000 0.000000 0.000000 
1.000000 0.000000 0.000000 0.000000 
1.000000 0.000000 0.000000 0.000000 
1.000000 0.000000 0.000000 0.000000 
1.000000 0.000000 0.000000 0.000000 
1.000000 0.000000 0.000000 0.000000 
1.000000 0.000000 0.000000 0.000000 
1.000000 0.000000 0.000000 0.000000 
1.000000 0.000000 0.000000 0.000000 
1.000000 0.000000 0.000000 0.000000 
1.000000 0.000000 0.000000 0.000000 
1.000000 0.000000 0.000000 0.000000 
1.000000 0.000000 0.000000 0.000000 
1.000000 0.000000 0.000000 0.000000 
1.000000 0.000000 0.000000 0.000000 
1.000000 0.000000 0.000000 0.000000 
1.000000 0.000000 0.000000 0.000000 
1.000000 0.000000 0.000000 0.000000 
1.000000 0.000000 0.000000 0.000000 
1.000000 0.000000 0.000000 0.000000 
1.000000 0.000000 0.000000 0.000000 
1.000000 0.000000 0.000000 0.000000 
1.000000 0.000000 0.000000 0.000000 
1.000000 0.000000 0.000000 0.000000 
1.000000 0.000000 0.000000 0.000000 
1.000000 0.000000 0.000000 0.000000 
1.000000 0.000000 0.000000 0.000000 
1.000000 0.000000 0.000000 0.000000 
1.000000 0.000000 0.000000 0.000000 
1.000000 0.000000 0.000000 0.000000 
1.000000 0.000000 0.000000 0.000000 
1.000000 0.000000 0.000000 0.000000 
1.000000 0.000000 0.000000 0.000000 
1.000000 0.000000 0.000000 0.000000 
1.000000 0.000000 0.000000 0.000000 
1.000000 0.000000 0.000000 0.000000 
1.000000 0.000000 0.000000 0.000000 
1.000000 0.000000 0.000000 0.000000 
1.000000 0.000000 0.000000 0.000000 
1.000000 0.000000 0.000000 0.000000 
1.000000 0.000000 0.000000 0.000000 
1.000000 0.000000 0.000000 0.000000 
1.000000 0.000000 0.000000 0.000000 
1.000000 0.000000 0.000000 0.000000 
1.000000 0.000000 0.000000 0.000000 
1.000000 0.000000 0.000000 0.000000 
1.000000 0.000000 0.000000 0.000000 
1.000000 0.000000 0.000000 0.000000 
1.000000 0.000000 0.000000 0.000000 
1.000000 0.000000 0.000000 0.000000 
1.000000 0.000000 0.000000 0.000000 
1.000000 0.000000 0.000000 0.000000 
1.000000 0.000000 0.000000 0.000000 
1.000000 0.000000 0.000000 0.000000 
1.000000 0.000000 0.000000 0.000000 
1.000000 0.000000 0.000000 0.000000 
1.000000 0.000000 0.000000 0.000000 
1.000000 0.000000 0.000000 0.000000 
1.000000 0.000000 0.000000 0.000000 
1.000000 0.000000 0.000000 0.000000 
1.000000 0.000000 0.000000 0.000000 
1.000000 0.000000 0.000000 0.000000 
1.000000 0.000000 0.000000 0.000000 
1.000000 0.000000 0.000000 0.000000 
1.000000 0.000000 0.000000 0.000000 
1.000000 0.000000 0.000000 0.000000 
1.000000 0.000000 0.000000 0.000000 
1.000000 0.000000 0.000000 0.000000 
1.000000 0.000000 0.000000 0.000000 
1.000000 0.000000 0.000000 0.000000 
1.000000 0.000000 0.000000 0.000000 
1.000000 0.000000 0.000000 0.000000 
1.000000 0.000000 0.000000 0.000000 
1.000000 0.000000 0.000000 0.000000 
1.000000 0.000000 0.000000 0.000000 
1.000000 0.000000 0.000000 0.000000 
1.000000 0.000000 0.000000 0.000000 
1.000000 0.000000 0.000000 0.000000 
1.000000 0.000000 0.000000 0.000000 
1.000000 0.000000 0.000000 0.000000 
1.000000 0.000000 0.000000 0.000000 
1.000000 0.000000 0.000000 0.000000 
1.000000 0.000000 0.000000 0.000000 
1.000000 0.000000 0.000000 0.000000 
1.000000 0.000000 0.000000 0.000000 
1.000000 0.000000 0.000000 0.000000 
1.000000 0.000000 0.000000 0.000000 
1.000000 0.000000 0.000000 0.000000 
1.000000 0.000000 0.000000 0.000000 
1.000000 0.000000 0.000000 0.000000 
1.000000 0.000000 0.000000 0.000000 
1.000000 0.000000 0.000000 0.000000 
1.000000 0.000000 0.000000 0.000000 
1.000000 0.000000 0.000000 0.000000 
1.000000 0.000000 0.000000 0.000000 
1.000000 0.000000 0.000000 0.000000 
1.000000 0.000000 0.000000 0.000000 
1.000000 0.000000 0.000000 0.000000 
1.000000 0.000000 0.000000 0.000000 
1.000000 0.000000 0.000000 0.000000 
1.000000 0.000000 0.000000 0.000000 
1.000000 0.000000 0.000000 0.000000 
1.000000 0.000000 0.000000 0.000000 
1.000000 0.000000 0.000000 0.000000 
1.000000 0.000000 0.000000 0.000000 
1.000000 0.000000 0.000000 0.000000 
1.000000 0.000000 0.000000 0.000000 
1.000000 0.000000 0.000000 0.000000 
1.000000 0.000000 0.000000 0.000000 
1.000000 0.000000 0.000000 0.000000 
1.000000 0.000000 0.000000 0.000000 
1.000000 0.000000 0.000000 0.000000 
1.000000 0.000000 0.000000 0.000000 
1.000000 0.000000 0.000000 0.000000 
1.000000 0.000000 0.000000 0.000000 
1.000000 0.000000 0.000000 0.000000 
1.000000 0.000000 0.000000 0.000000 
1.000000 0.000000 0.000000 0.000000 
1.000000 0.000000 0.000000 0.000000 
1.000000 0.000000 0.000000 0.000000 
1.000000 0.000000 0.000000 0.000000 
1.000000 0.000000 0.000000 0.000000 
1.000000 0.000000 0.000000 0.000000 
1.000000 0.000000 0.000000 0.000000 
1.000000 0.000000 0.000000 0.000000 
1.000000 0.000000 0.000000 0.000000 
1.000000 0.000000 0.000000 0.000000 
1.000000 0.000000 0.000000 0.000000 
1.000000 0.000000 0.000000 0.000000 
1.000000 0.000000 0.000000 0.000000 
1.000000 0.000000 0.000000 0.000000 
1.000000 0.000000 0.000000 0.000000 
1.000000 0.000000 0.000000 0.000000 
1.000000 0.000000 0.000000 0.000000 
1.000000 0.000000 0.000000 0.000000 
1.000000 0.000000 0.000000 0.000000 
1.000000 0.000000 0.000000 0.000000 
1.000000 0.000000 0.000000 0.000000 
1.000000 0.000000 0.000000 0.000000 
1.000000 0.000000 0.000000 0.000000 
1.000000 0.000000 0.000000 0.000000 
1.000000 0.000000 0.000000 0.000000 
1.000000 0.000000 0.000000 0.000000 
1.000000 0.000000 0.000000 0.000000 
1.000000 0.000000 0.000000 0.000000 
1.000000 0.000000 0.000000 0.000000 
1.000000 0.000000 0.000000 0.000000 
1.000000 0.000000 0.000000 0.000000 
1.000000 0.000000 0.000000 0.000000 
1.000000 0.000000 0.000000 0.000000 
1.000000 0.000000 0.000000 0.000000 
1.000000 0.000000 0.000000 0.000000 
1.000000 0.000000 0.000000 0.000000 
1.000000 0.000000 0.000000 0.000000 
1.000000 0.000000 0.000000 0.000000 
1.000000 0.000000 0.000000 0.000000 
1.000000 0.000000 0.000000 0.000000 
1.000000 0.000000 0.000000 0.000000 
1.000000 0.000000 0.000000 0.000000 
1.000000 0.000000 0.000000 0.000000 
1.000000 0.000000 0.000000 0.000000 
1.000000 0.000000 0.000000 0.000000 
1.000000 0.000000 0.000000 0.000000 
1.000000 0.000000 0.000000 0.000000 
1.000000 0.000000 0.000000 0.000000 
1.000000 0.000000 0.000000 0.000000 
1.000000 0.000000 0.000000 0.000000 
1.000000 0.000000 0.000000 0.000000 
1.000000 0.000000 0.000000 0.000000 
1.000000 0.000000 0.000000 0.000000 
1.000000 0.000000 0.000000 0.000000 
1.000000 0.000000 0.000000 0.000000 
1.000000 0.000000 0.000000 0.000000 
1.000000 0.000000 0.000000 0.000000 
1.000000 0.000000 0.000000 0.000000 
1.000000 0.000000 0.000000 0.000000 
1.000000 0.000000 0.000000 0.000000 
1.000000 0.000000 0.000000 0.000000 
1.000000 0.000000 0.000000 0.000000 
1.000000 0.000000 0.000000 0.000000 
1.000000 0.000000 0.000000 0.000000 
1.000000 0.000000 0.000000 0.000000 
1.000000 0.000000 0.000000 0.000000 
1.000000 0.000000 0.000000 0.000000 
1.000000 0.000000 0.000000 0.000000 
1.000000 0.000000 0.000000 0.000000 
1.000000 0.000000 0.000000 0.000000 
1.000000 0.000000 0.000000 0.000000 
1.000000 0.000000 0.000000 0.000000 
1.000000 0.000000 0.000000 0.000000 
1.000000 0.000000 0.000000 0.000000 
1.000000 0.000000 0.000000 0.000000 
1.000000 0.000000 0.000000 0.000000 
1.000000 0.000000 0.000000 0.000000 
1.000000 0.000000 0.000000 0.000000 
1.000000 0.000000 0.000000 0.000000 
1.000000 0.000000 0.000000 0.000000 
1.000000 0.000000 0.000000 0.000000 
1.000000 0.000000 0.000000 0.000000 
1.000000 0.000000 0.000000 0.000000 
1.000000 0.000000 0.000000 0.000000 
1.000000 0.000000 0.000000 0.000000 
1.000000 0.000000 0.000000 0.000000 
1.000000 0.000000 0.000000 0.000000 
1.000000 0.000000 0.000000 0.000000 
1.000000 0.000000 0.000000 0.000000 
1.000000 0.000000 0.000000 0.000000 
1.000000 0.000000 0.000000 0.000000 
1.000000 0.000000 0.000000 0.000000 
1.000000 0.000000 0.000000 0.000000 
1.000000 0.000000 0.000000 0.000000 
1.000000 0.000000 0.000000 0.000000 
1.000000 0.000000 0.000000 0.000000 
1.000000 0.000000 0.000000 0.000000 
1.000000 0.000000 0.000000 0.000000 
1.000000 0.000000 0.000000 0.000000 
1.000000 0.000000 0.000000 0.000000 
1.000000 0.000000 0.000000 0.000000 
1.000000 0.000000 0.000000 0.000000 
1.000000 0.000000 0.000000 0.000000 
1.000000 0.000000 0.000000 0.000000 
1.000000 0.000000 0.000000 0.000000 
1.000000 0.000000 0.000000 0.000000 
1.000000 0.000000 0.000000 0.000000 
1.000000 0.000000 0.000000 0.000000 
1.000000 0.000000 0.000000 0.000000 
1.000000 0.000000 0.000000 0.000000 
1.000000 0.000000 0.000000 0.000000 
1.000000 0.000000 0.000000 0.000000 
1.000000 0.000000 0.000000 0.000000 
1.000000 0.000000 0.000000 0.000000 
1.000000 0.000000 0.000000 0.000000 
1.000000 0.000000 0.000000 0.000000 
1.000000 0.000000 0.000000 0.000000 
1.000000 0.000000 0.000000 0.000000 
1.000000 0.000000 0.000000 0.000000 
1.000000 0.000000 0.000000 0.000000 
1.000000 0.000000 0.000000 0.000000 
1.000000 0.000000 0.000000 0.000000 
1.000000 0.000000 0.000000 0.000000 
1.000000 0.000000 0.000000 0.000000 
1.000000 0.000000 0.000000 0.000000 
1.000000 0.000000 0.000000 0.000000 
1.000000 0.000000 0.000000 0.000000 
1.000000 0.000000 0.000000 0.000000 
1.000000 0.000000 0.000000 0.000000 
1.000000 0.000000 0.000000 0.000000 
1.000000 0.000000 0.000000 0.000000 
1.000000 0.000000 0.000000 0.000000 
1.000000 0.000000 0.000000 0.000000 
1.000000 0.000000 0.000000 0.000000 
1.000000 0.000000 0.000000 0.000000 
1.000000 0.000000 0.000000 0.000000 
1.000000 0.000000 0.000000 0.000000 
1.000000 0.000000 0.000000 0.000000 
1.000000 0.000000 0.000000 0.000000 
1.000000 0.000000 0.000000 0.000000 
1.000000 0.000000 0.000000 0.000000 
1.000000 0.000000 0.000000 0.000000 
1.000000 0.000000 0.000000 0.000000 
1.000000 0.000000 0.000000 0.000000 
1.000000 0.000000 0.000000 0.000000 
1.000000 0.000000 0.000000 0.000000 
1.000000 0.000000 0.000000 0.000000 
1.000000 0.000000 0.000000 0.000000 
1.000000 0.000000 0.000000 0.000000 
1.000000 0.000000 0.000000 0.000000 
1.000000 0.000000 0.000000 0.000000 
1.000000 0.000000 0.000000 0.000000 
1.000000 0.000000 0.000000 0.000000 
1.000000 0.000000 0.000000 0.000000 
1.000000 0.000000 0.000000 0.000000 
1.000000 0.000000 0.000000 0.000000 
1.000000 0.000000 0.000000 0.000000 
1.000000 0.000000 0.000000 0.000000 
1.000000 0.000000 0.000000 0.000000 
1.000000 0.000000 0.000000 0.000000 
1.000000 0.000000 0.000000 0.000000 
1.000000 0.000000 0.000000 0.000000 
