       0  -104.352    13.069
     100  -102.093    15.782
     200  -109.816    11.970
     300  -107.821     7.201
     400  -104.540    16.826
     500  -107.495    17.658
     600  -100.168     4.596
     700  -102.675    10.169
     800  -105.648     9.051
     900  -109.127    18.987
    1000   -98.470    19.059
    1100  -104.808    14.670
    1200  -108.980    15.690
    1300  -101.730    22.872
    1400  -111.598    16.152
    1500   -99.361    14.262
    1600  -115.260    13.115
    1700   -98.124    16.208
    1800  -106.480    16.033
    1900  -106.078     8.752
    2000  -110.045    18.407
    2100  -103.716    15.480
    2200  -114.790    11.992
    2300  -105.278     4.774
    2400  -103.130     7.584
    2500  -103.482    16.629
    2600  -104.423     9.748
    2700  -118.412    18.072
    2800  -111.123    15.611
    2900   -99.721    20.841
    3000   -93.817    18.933
    3100  -106.262    24.212
    3200   -96.354    17.712
    3300   -93.450     7.754
    3400  -107.435    14.959
    3500  -101.431    10.196
    3600  -106.139    16.061
    3700  -105.892    14.909
    3800  -104.380     3.412
    3900  -109.218    11.288
    4000   -93.903    14.846
    4100  -105.939     9.248
    4200  -101.209    22.210
    4300   -98.161    17.704
    4400  -102.640    14.118
    4500  -107.714    16.774
    4600  -113.676     9.436
    4700   -98.383    14.520
    4800  -110.576    23.304
    4900  -106.837     9.466
    5000  -104.708    21.487
    5100   -99.037    17.840
    5200   -93.309    12.753
    5300  -104.368     7.393
    5400  -109.974    10.583
    5500  -107.043    13.350
    5600  -103.352    18.851
    5700  -110.043    16.729
    5800  -101.396    15.524
    5900  -105.028     5.116
    6000  -101.079    17.160
    6100   -99.544    14.593
    6200  -108.346    17.381
    6300  -107.086    15.172
    6400  -112.622    12.709
    6500   -98.950    19.431
    6600  -112.540    16.660
    6700  -106.083    10.697
    6800  -112.318     9.249
    6900  -100.250    11.969
    7000  -112.182     8.691
    7100  -108.241    15.889
    7200  -106.376    11.134
    7300  -109.241    20.427
    7400  -100.424    18.088
    7500   -98.290     9.068
    7600  -104.817    25.643
    7700  -100.918    12.766
    7800  -103.511     9.125
    7900  -104.284     7.498
    8000   -99.445     9.663
    8100  -103.825    10.974
    8200  -110.092    13.334
    8300  -102.168    18.665
    8400  -107.250    18.858
    8500  -102.761    16.666
    8600  -106.378    28.741
    8700  -111.036    18.277
    8800  -109.751    11.605
    8900  -109.021    12.302
    9000  -108.317    17.612
    9100  -104.318    20.230
    9200  -106.053    19.628
    9300   -98.094    13.008
    9400  -100.753    16.821
    9500  -111.351    20.050
    9600  -111.300    12.919
    9700  -105.720    13.854
    9800  -105.658    15.796
    9900  -105.815    13.967
   10000  -111.060    10.466
   10100  -101.305    14.483
   10200  -102.850    14.397
   10300  -106.040    12.462
   10400  -105.489    13.134
   10500  -106.582    10.961
   10600  -112.743     7.915
   10700  -102.283     6.308
   10800   -96.271     6.444
   10900  -104.934    13.498
   11000   -97.143    14.970
   11100  -104.814    10.414
   11200  -102.292    18.909
   11300  -105.435    13.915
   11400  -106.044    15.907
   11500  -101.507    11.914
   11600  -105.543     5.493
   11700  -103.495    14.073
   11800  -104.707    11.792
   11900  -104.090    21.767
   12000  -104.694    20.760
   12100  -109.619    19.901
   12200  -100.469    13.341
   12300  -106.460    10.217
   12400   -96.838     9.523
   12500  -101.211     7.882
   12600   -98.518    17.656
   12700  -102.789    17.408
   12800  -106.884    15.484
   12900  -107.357    14.927
   13000  -104.030    14.340
   13100  -105.231    10.163
   13200  -103.253    13.545
   13300  -111.555    17.181
   13400  -100.329    17.147
   13500   -99.063    15.401
   13600  -101.978    20.700
   13700  -112.865    13.114
   13800   -99.880    20.505
   13900  -108.334    16.098
   14000   -96.151    18.506
   14100  -103.121    20.056
   14200  -110.360    13.905
   14300  -106.168    15.980
   14400  -108.969    15.284
   14500  -103.386    13.542
   14600   -95.067    10.967
   14700  -107.922    17.249
   14800  -102.841    16.681
   14900  -102.212    10.657
   15000  -101.341     8.121
   15100  -110.726    22.795
   15200  -105.136    17.309
   15300   -98.448    17.012
   15400  -104.232    19.235
   15500  -106.147    17.040
   15600  -100.689    12.852
   15700  -101.704    12.151
   15800  -106.438     5.916
   15900  -104.581    12.540
   16000  -109.271     9.496
   16100  -103.442    10.647
   16200  -101.098    12.974
   16300  -107.524    16.912
   16400  -101.445    10.911
   16500  -100.574    15.731
   16600   -97.776    18.994
   16700   -95.546    12.907
   16800  -101.922    14.300
   16900  -103.261     4.754
   17000   -96.948     9.839
   17100  -101.024    17.196
   17200  -109.256     9.461
   17300  -103.237    16.674
   17400  -103.037    12.582
   17500  -105.164    18.925
   17600  -103.848     7.388
   17700  -105.561    -0.680
   17800  -103.110    16.709
   17900  -104.574    14.671
   18000  -110.822     9.650
   18100  -103.497    12.645
   18200  -105.898    15.005
   18300  -103.234    12.508
   18400  -104.488    14.673
   18500  -108.205     7.918
   18600   -95.039    12.836
   18700  -108.135    10.493
   18800  -106.534    10.626
   18900  -101.126    15.323
   19000   -99.495    21.798
   19100  -110.324    10.325
   19200  -106.682    22.194
   19300  -105.808    11.362
   19400  -100.567     6.548
   19500   -99.032    15.936
   19600   -97.176    10.685
   19700  -102.603    16.446
   19800  -105.812    10.207
   19900   -95.816    12.321
   20000  -108.927    17.955
   20100  -103.420    17.556
   20200  -112.356     9.756
   20300  -101.855    14.892
   20400  -106.678    14.405
   20500  -107.409    15.629
   20600  -105.097    25.462
   20700  -100.116    11.705
   20800  -107.788    19.643
   20900  -111.990    14.036
   21000   -96.576    14.650
   21100  -105.023    15.253
   21200  -106.847     9.677
   21300  -106.695    15.890
   21400   -98.684    20.180
   21500  -106.594    21.787
   21600   -93.139    25.994
   21700  -108.443    21.833
   21800  -103.877    19.898
   21900  -105.401    18.942
   22000  -103.772    10.902
   22100   -94.615     9.990
   22200  -109.290     9.477
   22300  -101.150    22.570
   22400  -102.018    17.782
   22500   -98.068    11.620
   22600  -106.921    16.536
   22700  -112.551    21.999
   22800   -96.777    16.430
   22900  -108.594    17.715
   23000  -104.808    12.583
   23100  -110.488    11.162
   23200  -102.936     0.686
   23300  -104.012    13.653
   23400  -101.405    21.611
   23500  -101.054    16.667
   23600  -102.126    13.635
   23700  -104.884    17.463
   23800   -99.736    14.003
   23900  -108.502    10.673
   24000   -96.216    21.071
   24100  -102.230    12.596
   24200  -104.823    16.124
   24300  -106.494    16.935
   24400  -101.447    16.106
   24500  -101.048    15.556
   24600   -96.959    11.860
   24700   -97.551    20.160
   24800  -103.178    24.051
   24900   -98.363    13.278
   25000   -99.797    18.853
   25100   -99.642    13.588
   25200  -109.098     7.254
   25300  -113.062    16.447
   25400   -94.320    23.453
   25500  -105.298    11.115
   25600  -101.140    12.599
   25700  -110.514    17.901
   25800  -107.150    17.040
   25900  -108.982    12.804
   26000   -98.627    11.248
   26100   -96.322    13.221
   26200  -107.400    11.803
   26300  -100.863    13.449
   26400   -99.998    16.320
   26500  -108.390    12.341
   26600  -104.949    14.310
   26700  -102.520    12.224
   26800  -103.074    14.002
   26900   -99.875    11.295
   27000   -99.027    11.120
   27100  -109.299    13.646
   27200  -101.621    12.215
   27300   -97.935    20.942
   27400  -106.935    17.988
   27500   -93.273    16.941
   27600  -102.840    18.474
   27700  -102.773    20.347
   27800  -106.147     8.361
   27900   -95.425    22.658
   28000   -96.757     7.931
   28100  -111.143     9.643
   28200  -105.714    23.011
   28300  -103.939    14.131
   28400  -106.337    11.398
   28500  -106.290    14.755
   28600  -110.386    12.611
   28700   -99.416    11.211
   28800  -111.474    14.353
   28900  -110.477    16.223
   29000  -103.519    18.072
   29100  -103.093    19.600
   29200  -108.351    19.170
   29300  -102.284    13.893
   29400  -100.660    10.054
   29500  -114.273    19.235
   29600  -102.492    12.634
   29700  -101.904    10.518
   29800  -104.908    11.570
   29900   -98.014     3.325
   30000  -100.624     7.853
   30100  -105.662    10.633
   30200   -98.076     7.666
   30300  -100.221    15.587
   30400  -112.430    12.720
   30500   -98.698    16.583
   30600  -109.872     6.803
   30700  -106.240    13.395
   30800  -112.082    12.094
   30900  -101.842     2.449
   31000  -107.251    15.089
   31100  -102.273    17.088
   31200  -103.584    17.609
   31300  -107.451    16.335
   31400  -105.181    19.908
   31500  -105.552    14.367
   31600  -102.352    13.026
   31700  -101.044     9.429
   31800  -101.497     8.446
   31900  -108.960    12.804
   32000  -107.104    16.384
   32100  -100.757     5.673
   32200   -94.828    17.019
   32300  -100.773    15.592
   32400  -106.957    16.090
   32500   -97.639    11.133
   32600  -102.059    19.637
   32700   -97.600    13.182
   32800  -107.797    16.208
   32900  -101.943     9.893
   33000  -101.324    11.972
   33100  -106.606    14.294
   33200  -106.553    10.796
   33300  -100.065    11.858
   33400  -101.707    16.958
   33500  -106.315    11.977
   33600   -95.693    24.838
   33700  -111.792    16.835
   33800  -103.038    22.531
   33900  -100.158    15.095
   34000  -101.110    21.277
   34100  -103.412    18.519
   34200  -102.546    13.370
   34300  -106.617    15.466
   34400  -101.829    16.128
   34500   -98.558    18.397
   34600  -104.630    17.529
   34700  -103.331     8.224
   34800  -105.802    13.581
   34900  -106.150    10.784
   35000  -108.846    10.917
   35100  -100.706     7.481
   35200  -107.725     9.030
   35300  -114.862     9.391
   35400   -99.559     4.468
   35500  -103.886    20.663
   35600  -101.849    14.849
   35700  -107.805    16.569
   35800  -106.966    15.643
   35900  -101.303    16.097
   36000   -98.029    12.767
   36100  -103.868    10.224
   36200  -111.305    19.763
   36300  -104.581     6.823
   36400  -104.140    10.282
   36500  -106.113    16.256
   36600  -107.022    12.042
   36700  -111.227    16.415
   36800  -106.265    17.918
   36900  -111.755     8.999
   37000  -106.921    12.636
   37100  -108.870    17.441
   37200  -110.743    15.575
   37300  -107.925    10.444
   37400  -104.423    21.611
   37500  -101.734     7.273
   37600  -101.260    18.880
   37700  -107.102    12.529
   37800  -111.243     7.481
   37900  -100.051    10.720
   38000   -97.718    10.278
   38100   -84.026    15.690
   38200   -96.329    10.187
   38300  -109.465     8.557
   38400   -96.234     3.452
   38500  -101.504    20.263
   38600   -98.262    17.124
   38700  -105.070    13.165
   38800   -99.409    16.798
   38900  -108.568    22.784
   39000   -98.932    11.641
   39100   -97.023    14.900
   39200  -104.987    13.950
   39300  -103.898    11.215
   39400   -99.680     8.628
   39500  -108.072     7.166
   39600  -108.191     7.510
   39700   -98.648    13.759
   39800   -98.789    22.118
   39900  -102.400    11.914
   40000   -99.592    18.013
   40100   -97.984    17.220
   40200  -102.694    15.554
   40300  -101.510    22.976
   40400  -101.591    14.078
   40500  -101.746    14.308
   40600  -106.581    13.123
   40700  -103.334    18.043
   40800  -114.103    20.896
   40900  -104.183    23.498
   41000  -111.178    18.331
   41100  -103.301    13.995
   41200  -101.854    21.367
   41300  -101.424    13.136
   41400  -105.717     8.989
   41500  -101.555    13.043
   41600  -100.153    14.660
   41700   -99.422    17.896
   41800   -97.030    15.162
   41900  -110.758    10.904
   42000  -102.520    17.331
   42100  -104.583     8.478
   42200  -103.393    15.582
   42300  -102.865    10.521
   42400  -105.462    16.230
   42500  -105.153    20.524
   42600  -109.285    12.339
   42700   -98.800    15.247
   42800  -100.896    10.062
   42900  -108.564    15.768
   43000   -99.349    18.200
   43100  -110.534    14.058
   43200  -104.157    11.495
   43300  -103.364    14.544
   43400  -103.788    17.798
   43500  -104.923    13.978
   43600  -104.535    13.912
   43700  -100.928    13.663
   43800  -106.992    17.742
   43900   -98.315    16.215
   44000  -104.838    21.466
   44100  -113.002    11.253
   44200  -104.710    17.872
   44300   -98.593    19.577
   44400  -106.158    11.471
   44500  -102.095    11.751
   44600   -99.455     8.046
   44700  -108.957    13.458
   44800  -108.203    14.727
   44900  -102.344    14.670
   45000  -101.991    14.904
   45100  -100.729    13.297
   45200  -102.954     8.561
   45300  -102.864     7.161
   45400  -100.706    16.756
   45500  -101.218     8.771
   45600  -104.893     6.820
   45700  -109.528    14.620
   45800  -104.831     9.160
   45900  -111.519    16.528
   46000  -109.716    18.414
   46100  -102.905    17.794
   46200  -111.313    13.338
   46300  -101.003    21.208
   46400   -96.574    13.191
   46500  -105.981    17.372
   46600   -97.471    14.400
   46700  -104.708    12.922
   46800  -103.691    18.756
   46900   -95.863    19.209
   47000  -106.412    15.528
   47100  -102.844    10.490
   47200  -104.534    11.279
   47300  -106.601     9.362
   47400  -103.242     9.772
   47500  -101.557     5.895
   47600   -97.668    13.014
   47700  -100.740     8.329
   47800  -111.153    11.267
   47900  -112.158    11.868
   48000  -100.544    11.425
   48100  -108.584    18.049
   48200  -108.717    12.726
   48300  -100.436    12.626
   48400  -106.577    20.958
   48500  -103.937     9.101
   48600  -106.009    13.016
   48700  -103.708    -0.776
   48800  -101.130     7.173
   48900   -93.727     2.239
   49000  -105.745    15.985
   49100  -103.496    13.349
   49200   -94.395    12.725
   49300  -110.441    22.843
   49400  -102.614    14.857
   49500  -107.121    12.185
   49600  -108.514    12.496
   49700  -109.916    15.557
   49800  -102.229    11.262
   49900  -108.091     5.686
