       0  -148.967   152.065
     100  -149.990   149.995
     200  -149.960   153.042
     300  -147.696   155.578
     400  -151.570   148.318
     500  -152.594   160.112
     600  -152.115   150.097
     700  -152.572   145.402
     800  -143.302   145.983
     900  -158.373   148.753
    1000  -148.584   153.293
    1100  -148.589   144.633
    1200  -145.930   152.820
    1300  -157.124   152.347
    1400  -150.265   153.338
    1500  -145.805   152.509
    1600  -150.473   152.283
    1700  -149.058   150.658
    1800  -147.258   143.809
    1900  -144.170   148.775
    2000  -141.441   154.585
    2100  -152.958   149.365
    2200  -149.264   149.054
    2300  -143.444   138.995
    2400  -149.924   140.711
    2500  -143.651   156.051
    2600  -145.907   145.472
    2700  -151.794   136.482
    2800  -144.589   151.206
    2900  -142.480   149.043
    3000  -152.874   143.342
    3100  -153.104   155.816
    3200  -151.783   154.952
    3300  -147.268   153.093
    3400  -150.788   156.085
    3500  -141.859   150.343
    3600  -151.143   151.855
    3700  -149.068   153.956
    3800  -146.130   144.692
    3900  -146.008   153.465
    4000  -149.076   148.440
    4100  -149.916   143.752
    4200  -158.525   143.907
    4300  -150.576   149.724
    4400  -149.931   151.735
    4500  -146.433   139.771
    4600  -150.542   152.037
    4700  -159.458   153.951
    4800  -146.434   146.593
    4900  -144.918   153.171
    5000  -151.982   154.932
    5100  -142.552   156.992
    5200  -155.070   155.494
    5300  -149.186   150.767
    5400  -157.566   142.363
    5500  -147.657   147.478
    5600  -146.916   146.667
    5700  -148.338   143.872
    5800  -151.076   154.151
    5900  -148.649   144.778
    6000  -154.858   149.570
    6100  -145.661   147.466
    6200  -148.522   142.138
    6300  -147.593   151.378
    6400  -148.220   146.313
    6500  -152.933   145.540
    6600  -147.609   155.067
    6700  -151.825   149.521
    6800  -145.442   155.815
    6900  -156.248   145.004
    7000  -142.605   145.246
    7100  -144.055   149.853
    7200  -142.875   158.075
    7300  -145.484   153.141
    7400  -148.252   149.678
    7500  -152.936   149.443
    7600  -154.193   152.693
    7700  -144.359   150.009
    7800  -147.364   157.062
    7900  -148.997   152.084
    8000  -157.549   146.603
    8100  -151.548   149.098
    8200  -147.493   146.155
    8300  -153.141   152.117
    8400  -150.508   150.332
    8500  -148.275   150.257
    8600  -151.173   147.520
    8700  -158.880   154.370
    8800  -156.391   157.022
    8900  -146.570   150.083
    9000  -155.657   155.798
    9100  -152.968   154.390
    9200  -150.983   156.095
    9300  -156.777   150.559
    9400  -145.518   152.998
    9500  -142.085   158.639
    9600  -150.238   151.903
    9700  -145.603   144.827
    9800  -143.633   160.433
    9900  -145.988   151.759
   10000  -146.748   153.149
   10100  -142.722   156.326
   10200  -145.731   148.795
   10300  -150.775   157.153
   10400  -150.698   155.155
   10500  -154.055   144.816
   10600  -144.273   149.994
   10700  -156.947   149.527
   10800  -149.806   148.516
   10900  -147.695   153.927
   11000  -157.613   142.412
   11100  -148.991   151.215
   11200  -143.872   150.972
   11300  -156.938   148.577
   11400  -148.505   154.379
   11500  -149.951   161.695
   11600  -146.465   151.914
   11700  -147.892   147.054
   11800  -144.436   150.552
   11900  -141.840   147.511
   12000  -147.581   141.070
   12100  -150.304   148.848
   12200  -151.443   156.227
   12300  -154.102   151.671
   12400  -154.767   150.194
   12500  -148.373   154.906
   12600  -152.990   149.929
   12700  -154.606   146.621
   12800  -147.609   149.043
   12900  -153.609   148.615
   13000  -156.918   153.182
   13100  -164.108   151.966
   13200  -150.148   146.947
   13300  -156.038   152.864
   13400  -158.487   153.095
   13500  -152.411   150.970
   13600  -150.645   143.817
   13700  -153.190   149.581
   13800  -144.923   149.001
   13900  -148.005   154.400
   14000  -150.426   155.239
   14100  -149.013   156.076
   14200  -146.680   149.042
   14300  -155.466   141.811
   14400  -154.842   145.106
   14500  -144.623   153.992
   14600  -148.331   148.812
   14700  -147.019   150.574
   14800  -148.418   159.731
   14900  -144.823   151.481
   15000  -141.720   157.719
   15100  -148.007   151.240
   15200  -152.640   152.857
   15300  -150.900   145.905
   15400  -154.612   152.380
   15500  -148.127   148.274
   15600  -152.669   150.144
   15700  -152.935   147.309
   15800  -148.466   151.126
   15900  -141.791   160.035
   16000  -151.335   155.810
   16100  -148.396   151.834
   16200  -153.349   149.602
   16300  -151.136   154.050
   16400  -151.169   147.628
   16500  -151.806   147.831
   16600  -152.999   145.649
   16700  -146.832   147.133
   16800  -158.801   151.750
   16900  -151.746   151.329
   17000  -150.724   152.875
   17100  -155.472   142.207
   17200  -149.765   149.497
   17300  -153.760   160.625
   17400  -156.172   147.156
   17500  -154.390   145.296
   17600  -154.103   151.263
   17700  -148.984   148.757
   17800  -147.157   154.001
   17900  -143.492   147.538
   18000  -153.713   148.833
   18100  -152.966   144.352
   18200  -156.037   153.525
   18300  -147.421   144.756
   18400  -153.013   153.259
   18500  -147.652   153.079
   18600  -147.000   153.299
   18700  -152.085   149.157
   18800  -149.011   153.729
   18900  -150.706   154.849
   19000  -157.550   143.017
   19100  -150.026   152.934
   19200  -150.070   151.620
   19300  -148.322   150.545
   19400  -153.907   152.306
   19500  -152.627   150.379
   19600  -145.219   153.770
   19700  -149.744   148.752
   19800  -151.931   151.750
   19900  -152.651   153.383
   20000  -149.018   150.077
   20100  -144.654   149.117
   20200  -149.724   152.515
   20300  -146.489   147.229
   20400  -146.761   148.699
   20500  -151.295   148.519
   20600  -152.819   154.664
   20700  -146.828   152.679
   20800  -151.646   150.891
   20900  -154.159   154.775
   21000  -147.836   149.227
   21100  -143.619   152.376
   21200  -151.843   151.828
   21300  -143.959   150.354
   21400  -141.345   148.498
   21500  -153.267   151.788
   21600  -144.320   152.019
   21700  -145.739   146.112
   21800  -155.754   155.924
   21900  -148.611   153.184
   22000  -147.802   147.566
   22100  -148.865   157.725
   22200  -148.202   152.191
   22300  -150.559   149.999
   22400  -145.234   158.762
   22500  -146.582   155.778
   22600  -152.274   150.733
   22700  -151.382   145.376
   22800  -156.793   147.181
   22900  -146.913   151.578
   23000  -146.662   141.721
   23100  -150.870   146.159
   23200  -145.277   152.068
   23300  -154.556   149.121
   23400  -151.407   149.152
   23500  -141.624   150.451
   23600  -144.790   154.606
   23700  -153.259   153.908
   23800  -145.194   150.824
   23900  -147.013   160.309
   24000  -154.639   159.948
   24100  -155.856   147.630
   24200  -150.175   158.594
   24300  -150.342   149.897
   24400  -153.862   150.888
   24500  -151.081   151.740
   24600  -152.881   145.123
   24700  -145.217   157.212
   24800  -153.976   151.104
   24900  -150.734   147.641
   25000  -148.148   150.323
   25100  -155.291   148.236
   25200  -146.838   144.233
   25300  -154.310   151.706
   25400  -155.498   151.077
   25500  -146.911   153.843
   25600  -146.151   155.007
   25700  -147.585   146.986
   25800  -152.161   148.110
   25900  -147.390   142.512
   26000  -147.468   143.882
   26100  -153.626   151.220
   26200  -156.448   150.382
   26300  -145.449   156.852
   26400  -153.121   152.656
   26500  -150.055   153.089
   26600  -141.264   147.290
   26700  -148.156   148.083
   26800  -145.063   148.322
   26900  -152.848   151.201
   27000  -145.779   157.773
   27100  -151.409   145.747
   27200  -155.159   152.947
   27300  -153.316   147.171
   27400  -148.148   152.193
   27500  -146.558   152.884
   27600  -155.158   140.347
   27700  -147.267   155.248
   27800  -154.252   148.506
   27900  -150.153   156.732
   28000  -151.731   150.437
   28100  -146.449   149.111
   28200  -145.079   154.563
   28300  -154.030   146.933
   28400  -147.032   144.580
   28500  -142.644   146.565
   28600  -144.425   149.532
   28700  -144.566   154.244
   28800  -151.448   151.527
   28900  -153.823   150.527
   29000  -149.802   152.891
   29100  -150.627   145.699
   29200  -149.688   150.264
   29300  -155.780   154.130
   29400  -142.497   149.563
   29500  -148.542   154.133
   29600  -150.070   155.009
   29700  -145.717   148.314
   29800  -149.088   154.598
   29900  -149.611   148.467
   30000  -145.681   151.403
   30100  -146.578   154.531
   30200  -153.179   154.904
   30300  -154.357   155.305
   30400  -150.932   147.574
   30500  -149.256   148.173
   30600  -152.246   151.362
   30700  -150.326   147.735
   30800  -147.033   150.291
   30900  -158.288   149.776
   31000  -147.220   149.307
   31100  -158.303   147.536
   31200  -146.552   153.140
   31300  -151.287   163.216
   31400  -159.073   148.941
   31500  -155.369   151.434
   31600  -152.510   151.254
   31700  -147.441   141.704
   31800  -149.491   156.761
   31900  -155.402   143.054
   32000  -138.557   146.824
   32100  -146.719   141.839
   32200  -156.488   150.061
   32300  -154.964   151.694
   32400  -150.300   150.387
   32500  -153.912   147.362
   32600  -150.487   152.826
   32700  -142.955   151.115
   32800  -146.811   148.423
   32900  -150.456   152.719
   33000  -146.651   148.856
   33100  -147.492   147.262
   33200  -146.654   152.728
   33300  -155.723   151.601
   33400  -150.178   151.518
   33500  -150.028   150.556
   33600  -153.896   152.711
   33700  -142.358   144.471
   33800  -153.846   149.443
   33900  -150.590   148.594
   34000  -143.058   154.420
   34100  -145.322   150.361
   34200  -149.958   152.198
   34300  -151.409   151.528
   34400  -146.381   155.419
   34500  -153.152   147.278
   34600  -146.785   150.700
   34700  -149.124   152.772
   34800  -153.486   147.927
   34900  -148.431   146.260
   35000  -150.651   159.828
   35100  -149.177   148.516
   35200  -152.170   157.720
   35300  -152.931   149.902
   35400  -148.000   153.384
   35500  -154.647   148.406
   35600  -149.456   156.372
   35700  -144.938   155.072
   35800  -147.094   146.444
   35900  -137.978   152.309
   36000  -151.553   151.872
   36100  -146.288   152.599
   36200  -154.822   152.744
   36300  -147.599   148.444
   36400  -149.335   152.654
   36500  -146.792   152.622
   36600  -146.444   146.432
   36700  -148.253   160.639
   36800  -157.969   146.380
   36900  -152.271   158.398
   37000  -148.329   144.995
   37100  -150.543   148.251
   37200  -145.680   149.128
   37300  -144.838   153.179
   37400  -142.468   146.638
   37500  -145.432   158.499
   37600  -148.565   158.166
   37700  -146.908   159.078
   37800  -149.987   144.665
   37900  -141.120   145.207
   38000  -147.460   147.508
   38100  -146.149   150.661
   38200  -148.366   155.034
   38300  -151.203   145.376
   38400  -146.747   153.880
   38500  -155.012   145.243
   38600  -153.062   145.889
   38700  -150.129   157.106
   38800  -152.460   149.559
   38900  -145.697   143.037
   39000  -151.347   150.073
   39100  -150.485   145.345
   39200  -149.642   144.746
   39300  -154.512   149.940
   39400  -143.108   147.088
   39500  -151.527   149.019
   39600  -148.186   146.218
   39700  -156.197   148.565
   39800  -152.886   148.326
   39900  -154.391   151.033
   40000  -150.616   156.113
   40100  -149.810   151.332
   40200  -149.285   155.174
   40300  -152.735   157.404
   40400  -149.943   150.038
   40500  -152.216   144.788
   40600  -140.823   154.424
   40700  -153.457   146.192
   40800  -143.013   154.490
   40900  -153.814   153.727
   41000  -156.030   151.217
   41100  -151.423   156.530
   41200  -153.827   147.417
   41300  -150.747   150.867
   41400  -152.719   149.918
   41500  -147.073   150.687
   41600  -149.611   154.199
   41700  -151.611   144.989
   41800  -149.774   155.185
   41900  -146.078   152.574
   42000  -152.938   150.963
   42100  -149.250   147.305
   42200  -155.677   150.418
   42300  -147.742   150.875
   42400  -151.458   155.635
   42500  -148.311   150.078
   42600  -144.892   149.383
   42700  -155.818   159.340
   42800  -151.945   149.683
   42900  -157.965   143.941
   43000  -152.409   148.080
   43100  -144.622   152.021
   43200  -149.558   150.664
   43300  -155.804   154.319
   43400  -150.447   149.527
   43500  -148.109   160.807
   43600  -152.253   159.978
   43700  -147.788   156.000
   43800  -151.995   147.423
   43900  -146.694   148.786
   44000  -149.974   150.715
   44100  -149.750   157.514
   44200  -142.696   148.377
   44300  -151.743   145.089
   44400  -139.750   149.509
   44500  -147.622   150.062
   44600  -151.851   151.800
   44700  -155.440   145.858
   44800  -147.573   148.515
   44900  -149.640   149.853
   45000  -152.042   143.669
   45100  -148.329   153.104
   45200  -153.309   155.823
   45300  -150.168   151.380
   45400  -146.235   150.359
   45500  -152.669   146.953
   45600  -151.056   150.330
   45700  -148.679   152.028
   45800  -151.246   145.337
   45900  -148.942   154.278
   46000  -147.511   149.831
   46100  -146.225   145.611
   46200  -146.551   154.621
   46300  -161.146   145.096
   46400  -151.248   154.266
   46500  -150.651   143.343
   46600  -142.325   148.151
   46700  -144.253   146.689
   46800  -147.764   153.120
   46900  -149.585   149.026
   47000  -143.095   156.486
   47100  -157.595   151.049
   47200  -151.131   149.646
   47300  -147.915   155.743
   47400  -149.039   155.884
   47500  -151.415   149.439
   47600  -143.683   145.415
   47700  -150.548   151.302
   47800  -157.949   156.804
   47900  -154.531   156.451
   48000  -142.495   156.099
   48100  -153.682   154.025
   48200  -153.076   148.867
   48300  -151.681   156.680
   48400  -150.798   151.216
   48500  -149.025   151.185
   48600  -151.182   152.286
   48700  -151.524   150.764
   48800  -150.305   153.000
   48900  -145.029   154.052
   49000  -152.800   160.197
   49100  -154.833   152.695
   49200  -142.325   145.738
   49300  -149.056   154.827
   49400  -155.914   155.995
   49500  -146.077   144.711
   49600  -147.740   150.831
   49700  -150.281   153.295
   49800  -145.854   157.929
   49900  -150.472   155.459
