       0  -116.918   103.159
     100  -120.709   105.184
     200  -125.286   110.033
     300  -123.088   110.214
     400  -117.731   100.720
     500  -114.330   109.713
     600  -116.384   108.246
     700  -118.236   106.641
     800  -118.983   102.161
     900  -113.725   111.071
    1000  -129.225   104.145
    1100  -123.323   105.036
    1200  -115.775   103.766
    1300  -119.114   107.374
    1400  -126.385   108.024
    1500  -129.283   106.756
    1600  -125.886   105.411
    1700  -122.566   109.445
    1800  -127.124   112.359
    1900  -116.470    96.648
    2000  -120.210   109.335
    2100  -114.151    99.524
    2200  -121.074   107.423
    2300  -121.181   114.533
    2400  -122.597   109.679
    2500  -128.587   108.605
    2600  -124.330   109.090
    2700  -125.827   107.583
    2800  -123.594   110.012
    2900  -120.329   106.566
    3000  -126.652   107.679
    3100  -120.396   105.276
    3200  -131.273   107.793
    3300  -114.974   104.827
    3400  -109.372   106.153
    3500  -116.198   107.405
    3600  -116.732   105.632
    3700  -119.955   103.618
    3800  -116.349   111.541
    3900  -116.665   112.519
    4000  -118.424   111.065
    4100  -120.003   101.712
    4200  -119.003   105.367
    4300  -109.817   112.799
    4400  -112.038   100.128
    4500  -115.948   104.323
    4600  -121.293   113.275
    4700  -122.159   112.239
    4800  -118.096   105.719
    4900  -120.944   109.429
    5000  -120.132   105.113
    5100  -118.705   109.751
    5200  -113.058    97.327
    5300  -120.451   105.663
    5400  -120.243   112.706
    5500  -124.283   114.699
    5600  -118.069   103.984
    5700  -119.075   118.575
    5800  -117.465   106.884
    5900  -123.155    99.002
    6000  -125.526   100.355
    6100  -117.946    98.983
    6200  -113.443   106.101
    6300  -124.777   115.292
    6400  -114.243   108.501
    6500  -118.762   107.691
    6600  -123.520   108.306
    6700  -117.804   109.262
    6800  -123.366    94.582
    6900  -124.766   109.100
    7000  -120.900   113.803
    7100  -109.541   108.396
    7200  -118.708   109.613
    7300  -120.885    99.033
    7400  -110.022   109.651
    7500  -117.988   105.958
    7600  -120.600   105.480
    7700  -121.492   104.092
    7800  -117.266   107.534
    7900  -126.295   114.136
    8000  -132.274   108.119
    8100  -121.844   104.582
    8200  -118.606   108.185
    8300  -118.140   102.204
    8400  -128.678   106.840
    8500  -114.637   105.547
    8600  -119.914   107.637
    8700  -126.032   105.822
    8800  -120.933   102.779
    8900  -121.867   112.221
    9000  -117.580   110.817
    9100  -119.539   106.145
    9200  -120.184   108.032
    9300  -120.653   109.488
    9400  -123.182   103.378
    9500  -132.443   105.920
    9600  -124.660   106.691
    9700  -122.978   102.991
    9800  -117.675   103.087
    9900  -121.106   112.422
   10000  -116.458   108.607
   10100  -128.584   108.290
   10200  -117.527   101.817
   10300  -117.036   103.020
   10400  -121.881   108.249
   10500  -120.280   111.298
   10600  -120.424   113.050
   10700  -113.548   102.270
   10800  -123.741   100.988
   10900  -119.220   110.415
   11000  -127.389   110.987
   11100  -124.260   103.922
   11200  -116.948   104.837
   11300  -125.194   107.064
   11400  -120.513   108.325
   11500  -116.694   115.019
   11600  -110.511   108.438
   11700  -124.504   109.823
   11800  -114.454    92.511
   11900  -126.140    96.735
   12000  -120.713   104.613
   12100  -116.042   104.739
   12200  -107.575   102.776
   12300  -118.573   114.207
   12400  -117.761   109.164
   12500  -111.321   109.993
   12600  -122.346   103.992
   12700  -123.201   107.927
   12800  -121.976   103.835
   12900  -121.020   101.425
   13000  -115.356   108.275
   13100  -118.806   104.954
   13200  -125.759   105.026
   13300  -116.119   108.571
   13400  -116.521   102.645
   13500  -118.658   107.359
   13600  -126.194   102.299
   13700  -118.489   101.122
   13800  -109.709   102.731
   13900  -111.384   113.078
   14000  -119.568    98.121
   14100  -123.549   109.134
   14200  -122.239   108.236
   14300  -111.947   103.996
   14400  -116.214   109.988
   14500  -119.020   116.166
   14600  -123.996   109.805
   14700  -121.221   102.481
   14800  -122.281   114.693
   14900  -124.124   102.090
   15000  -125.649   104.044
   15100  -122.434   111.999
   15200  -127.131   110.479
   15300  -121.591   107.781
   15400  -126.507   103.608
   15500  -124.301   114.169
   15600  -117.649   110.775
   15700  -124.662   106.574
   15800  -123.977   111.232
   15900  -116.161   109.483
   16000  -116.761   100.477
   16100  -116.548   108.656
   16200  -114.606   107.213
   16300  -122.289   104.969
   16400  -128.098   103.981
   16500  -124.210   106.729
   16600  -115.488   105.435
   16700  -122.747   103.381
   16800  -118.991    97.005
   16900  -122.201   104.369
   17000  -120.674   112.981
   17100  -119.500   110.013
   17200  -115.831   108.076
   17300  -112.130   112.689
   17400  -117.452   109.703
   17500  -113.250   113.541
   17600  -118.975   114.433
   17700  -119.048   105.104
   17800  -129.803   108.040
   17900  -111.578   100.333
   18000  -118.852   105.411
   18100  -122.541   101.654
   18200  -120.833   101.838
   18300  -121.675   104.770
   18400  -120.614   106.329
   18500  -122.914   111.821
   18600  -120.247   100.995
   18700  -114.536   100.364
   18800  -117.590    96.049
   18900  -121.000   107.772
   19000  -118.835   110.035
   19100  -119.744   102.928
   19200  -108.226   112.854
   19300  -116.752   107.609
   19400  -120.742   101.280
   19500  -116.891   105.523
   19600  -118.094   110.588
   19700  -125.698   112.788
   19800  -119.507   104.077
   19900  -123.648   108.765
   20000  -120.340   111.320
   20100  -122.396   109.220
   20200  -122.906   106.416
   20300  -118.023   103.531
   20400  -115.389   102.531
   20500  -123.297   106.707
   20600  -117.359   108.104
   20700  -128.603   104.093
   20800  -121.611   108.974
   20900  -117.381   103.067
   21000  -122.764   107.153
   21100  -117.794   112.280
   21200  -119.882   106.582
   21300  -118.824    99.896
   21400  -122.237    95.014
   21500  -114.829    99.842
   21600  -111.647   101.483
   21700  -124.732   110.955
   21800  -117.990   102.331
   21900  -118.560   104.815
   22000  -121.440   103.518
   22100  -120.212   108.265
   22200  -120.588   109.081
   22300  -114.347   106.003
   22400  -124.157   105.353
   22500  -115.177   105.665
   22600  -113.562   114.553
   22700  -118.087    97.156
   22800  -130.918   109.990
   22900  -130.744   109.479
   23000  -115.747   104.177
   23100  -111.745   106.856
   23200  -118.529   108.522
   23300  -123.771   116.620
   23400  -114.004   106.696
   23500  -115.584   108.425
   23600  -117.237   118.408
   23700  -122.929   106.226
   23800  -111.263    97.264
   23900  -122.295   101.936
   24000  -121.139   106.406
   24100  -116.845   107.173
   24200  -125.910   100.125
   24300  -125.151   103.235
   24400  -117.482   106.689
   24500  -117.001   107.654
   24600  -116.792   101.138
   24700  -120.608   106.612
   24800  -117.798   104.106
   24900  -124.311   117.018
   25000  -119.352   113.422
   25100  -117.122   112.910
   25200  -127.342   107.705
   25300  -119.819   111.574
   25400  -120.886   107.697
   25500  -122.296   102.080
   25600  -114.152   107.084
   25700  -116.442   117.405
   25800  -121.322   108.358
   25900  -126.147   101.396
   26000  -122.561   106.610
   26100  -114.297   106.819
   26200  -124.926   106.075
   26300  -118.189    97.534
   26400  -123.021   107.882
   26500  -118.915   113.168
   26600  -123.021   106.759
   26700  -116.416   104.115
   26800  -116.500   103.387
   26900  -117.836   111.425
   27000  -120.729   111.099
   27100  -113.612   104.505
   27200  -117.240   106.741
   27300  -127.265   106.100
   27400  -124.058   105.624
   27500  -120.515   104.434
   27600  -125.488   104.829
   27700  -135.123   106.372
   27800  -119.868   103.008
   27900  -118.286   106.383
   28000  -117.101   110.407
   28100  -116.626   103.798
   28200  -117.749   106.823
   28300  -125.206   113.811
   28400  -118.471   115.358
   28500  -119.342   106.617
   28600  -115.454   102.575
   28700  -120.483   106.604
   28800  -110.362   105.034
   28900  -119.331   105.762
   29000  -122.822   103.063
   29100  -117.508   106.300
   29200  -118.675   112.452
   29300  -116.338   105.581
   29400  -121.088   108.094
   29500  -119.853   105.002
   29600  -121.781   107.961
   29700  -125.092   104.994
   29800  -121.015   106.414
   29900  -121.998   111.024
   30000  -112.295   108.540
   30100  -126.085   114.320
   30200  -113.592   103.324
   30300  -113.948   109.298
   30400  -119.331   115.744
   30500  -120.389   108.476
   30600  -119.232   115.018
   30700  -124.033   108.675
   30800  -121.858   104.011
   30900  -116.125    96.815
   31000  -125.120   111.779
   31100  -112.927   113.866
   31200  -123.020   111.308
   31300  -118.312   100.085
   31400  -116.646   104.466
   31500  -116.262   105.489
   31600  -115.666   108.646
   31700  -114.478    99.482
   31800  -106.369   109.965
   31900  -125.337   109.562
   32000  -125.022   106.377
   32100  -126.643   112.158
   32200  -113.379   105.785
   32300  -114.940   114.079
   32400  -119.847   110.081
   32500  -115.704   105.341
   32600  -121.684   102.301
   32700  -120.354   104.396
   32800  -128.748   110.328
   32900  -113.566   105.079
   33000  -122.901   112.788
   33100  -121.674   110.565
   33200  -115.777   107.588
   33300  -116.900   111.942
   33400  -121.626   106.688
   33500  -129.344   104.560
   33600  -127.811    98.150
   33700  -117.564   112.016
   33800  -120.079   106.746
   33900  -123.962   100.968
   34000  -116.161   108.252
   34100  -115.019   104.784
   34200  -129.138   111.271
   34300  -126.171   106.487
   34400  -120.191   110.582
   34500  -121.609   107.485
   34600  -124.693   101.953
   34700  -123.468   109.741
   34800  -124.307   109.025
   34900  -119.920   109.432
   35000  -115.839   101.435
   35100  -126.409   108.306
   35200  -116.200   107.804
   35300  -118.550   108.586
   35400  -120.811   104.444
   35500  -123.491   108.185
   35600  -122.337   104.671
   35700  -117.515   103.687
   35800  -119.570   104.824
   35900  -117.925   106.080
   36000  -124.231   100.057
   36100  -116.236   106.543
   36200  -118.171   112.070
   36300  -116.281   110.615
   36400  -120.451   115.135
   36500  -127.779   113.001
   36600  -119.475   102.238
   36700  -120.246   101.561
   36800  -123.466   110.238
   36900  -123.758   114.442
   37000  -115.849   100.704
   37100  -119.299   107.351
   37200  -121.337   115.071
   37300  -117.843   111.885
   37400  -126.409   100.896
   37500  -125.289   108.739
   37600  -125.615   110.762
   37700  -122.442   101.812
   37800  -114.434   108.852
   37900  -116.908   111.476
   38000  -117.755   112.074
   38100  -110.155   104.797
   38200  -122.183   107.333
   38300  -111.903   110.850
   38400  -123.106   111.724
   38500  -117.875    98.616
   38600  -135.212   102.711
   38700  -129.157   106.282
   38800  -121.034   104.628
   38900  -118.194   107.408
   39000  -123.879   118.524
   39100  -120.900   108.999
   39200  -125.231   111.617
   39300  -124.616   110.830
   39400  -123.223    98.567
   39500  -116.278    99.168
   39600  -126.169   109.670
   39700  -121.667   106.243
   39800  -122.872   101.548
   39900  -122.004   104.640
   40000  -119.909   104.708
   40100  -115.652   116.306
   40200  -114.077   105.522
   40300  -131.341   102.419
   40400  -121.778   114.188
   40500  -117.446   110.048
   40600  -117.399    97.295
   40700  -119.361   111.723
   40800  -118.700   105.603
   40900  -127.263   105.278
   41000  -123.964   108.499
   41100  -117.049   107.791
   41200  -128.997   101.590
   41300  -127.807    98.734
   41400  -116.505   101.346
   41500  -113.143    98.847
   41600  -113.006   104.176
   41700  -119.659   108.583
   41800  -130.378   110.840
   41900  -119.027   107.609
   42000  -114.367   106.009
   42100  -120.381   101.211
   42200  -124.019   106.304
   42300  -129.263   112.683
   42400  -114.705    99.062
   42500  -116.063   108.263
   42600  -123.264   111.360
   42700  -113.815   106.722
   42800  -119.058   105.462
   42900  -118.783   107.905
   43000  -113.563    99.094
   43100  -111.584    97.346
   43200  -120.366   103.903
   43300  -123.694   101.754
   43400  -115.917   102.303
   43500  -126.901   103.408
   43600  -121.186   108.729
   43700  -126.746   106.892
   43800  -124.588   108.582
   43900  -114.524   109.664
   44000  -126.085   104.239
   44100  -121.192   106.330
   44200  -126.636   114.257
   44300  -113.322   107.715
   44400  -116.685   111.720
   44500  -115.737   105.140
   44600  -115.272   100.341
   44700  -122.395    96.269
   44800  -119.471   103.259
   44900  -120.473    99.910
   45000  -117.101   121.291
   45100  -125.256   108.368
   45200  -118.625   100.600
   45300  -123.901   106.628
   45400  -123.534   111.747
   45500  -126.964   107.671
   45600  -113.013   104.623
   45700  -123.813   112.228
   45800  -127.005   110.198
   45900  -124.756    95.804
   46000  -122.873   107.726
   46100  -122.980   103.971
   46200  -119.530   107.993
   46300  -117.542   101.039
   46400  -116.369   105.527
   46500  -122.627   113.522
   46600  -124.328    98.642
   46700  -120.073   107.545
   46800  -116.749   120.897
   46900  -125.757   110.723
   47000  -118.486   105.077
   47100  -120.878   102.028
   47200  -113.679    95.673
   47300  -118.726   106.365
   47400  -126.089   116.996
   47500  -117.761   101.535
   47600  -120.905   109.760
   47700  -112.105   106.664
   47800  -124.360   105.676
   47900  -112.691   102.747
   48000  -118.322   111.050
   48100  -121.662   104.996
   48200  -116.136   102.218
   48300  -109.879   102.470
   48400  -115.922   107.067
   48500  -113.973   102.772
   48600  -119.950   111.335
   48700  -123.479   105.701
   48800  -118.075   103.000
   48900  -115.776   108.094
   49000  -117.839   106.718
   49100  -116.644    98.982
   49200  -122.537   109.373
   49300  -119.452   110.673
   49400  -122.030   104.943
   49500  -119.854   104.838
   49600  -126.208   110.271
   49700  -116.191   107.961
   49800  -112.121   108.626
   49900  -122.147   110.436
