       0   -21.361   -15.753
     100   -22.770    -0.669
     200   -19.807     3.916
     300   -18.723   -10.342
     400   -27.685    -4.414
     500   -25.971    -2.254
     600   -21.901   -14.719
     700   -25.743    -2.313
     800   -21.622     5.729
     900   -21.687    -5.940
    1000   -27.525    -6.556
    1100   -21.936    -6.169
    1200   -10.569    -4.588
    1300   -24.811     1.282
    1400   -23.658   -10.108
    1500   -27.684    -6.863
    1600   -25.360    -0.688
    1700   -28.457    -0.881
    1800   -24.820    -8.082
    1900   -20.177   -13.743
    2000   -25.325    -1.653
    2100   -18.351    -1.096
    2200   -21.595   -14.474
    2300   -21.535     1.885
    2400   -24.587    -1.225
    2500   -18.717    -7.409
    2600   -16.551     2.613
    2700   -29.903    -3.204
    2800   -12.072    -5.191
    2900   -20.443    -4.099
    3000   -20.216    -1.046
    3100   -26.517    -4.230
    3200   -24.624    -6.890
    3300   -18.045    -2.882
    3400   -19.632     1.431
    3500   -24.083    -6.036
    3600   -24.881     8.540
    3700   -21.019     4.878
    3800   -22.360     0.357
    3900   -22.022    -0.830
    4000   -14.156    -3.070
    4100   -18.965    -6.082
    4200   -32.258     0.679
    4300   -24.193    -6.223
    4400   -32.535     0.499
    4500   -25.181    -0.976
    4600   -20.706    -1.412
    4700   -17.141     1.289
    4800   -23.175    -3.859
    4900   -20.118    -7.368
    5000   -27.226     3.928
    5100   -24.902     3.313
    5200   -20.646    -5.291
    5300   -27.362   -10.052
    5400   -27.883    -2.983
    5500   -19.463     1.193
    5600   -22.893    -0.358
    5700   -22.090    -8.478
    5800   -20.882     5.462
    5900   -18.235     2.746
    6000   -28.809    -0.406
    6100   -19.752    -6.440
    6200   -17.838    -6.781
    6300   -24.797    -1.551
    6400   -31.689     6.046
    6500   -19.976    -6.986
    6600   -11.006    -9.885
    6700   -22.754    -4.131
    6800   -29.751    -5.007
    6900   -20.920    -4.560
    7000   -16.448    -2.934
    7100   -23.502     2.016
    7200   -25.546     5.463
    7300   -23.184    -4.453
    7400   -24.083    -6.746
    7500   -24.537    -8.640
    7600   -19.739    -1.577
    7700   -25.583    -3.835
    7800   -22.469    -5.840
    7900   -26.448    -2.915
    8000   -16.114    -1.754
    8100   -15.724     2.382
    8200   -29.642    -3.933
    8300   -33.418    -9.173
    8400   -14.871   -14.422
    8500   -17.884   -11.337
    8600   -19.029     3.122
    8700   -22.462    -1.298
    8800   -17.428    -1.596
    8900   -15.024     1.875
    9000   -23.927     3.705
    9100   -18.736    -5.918
    9200   -17.362     1.423
    9300   -23.264    -2.879
    9400   -20.015     2.360
    9500   -16.273     1.588
    9600   -25.902     7.770
    9700   -32.577    -0.500
    9800   -20.693   -10.694
    9900   -33.976    -3.444
   10000   -27.194    -8.416
   10100   -15.934    -9.623
   10200   -30.241     6.253
   10300   -27.246    -4.198
   10400   -24.505    -9.221
   10500   -25.227    -7.573
   10600   -21.462    -7.978
   10700   -23.983    -4.386
   10800   -25.584     0.032
   10900   -21.680    -3.439
   11000   -22.015    -0.535
   11100   -19.277   -12.487
   11200   -25.945    -5.903
   11300   -22.821    -7.311
   11400   -21.377   -10.890
   11500   -29.405    -0.032
   11600   -23.836    -4.082
   11700   -28.488   -11.138
   11800   -22.342    -3.809
   11900   -26.733     2.534
   12000   -17.163   -13.926
   12100   -26.481    -7.620
   12200   -21.261     1.510
   12300   -21.575     4.484
   12400   -29.477    -2.636
   12500   -24.554    -8.726
   12600   -13.707     0.195
   12700   -23.068    -5.641
   12800   -21.419   -12.235
   12900   -26.535   -11.927
   13000   -27.166    -2.052
   13100   -19.122    -7.393
   13200   -19.656    -9.654
   13300   -23.846    -5.441
   13400   -19.043    -6.354
   13500   -14.109    -6.461
   13600   -15.742    -0.894
   13700   -21.484   -10.832
   13800   -24.300    -2.822
   13900   -18.731    -4.651
   14000   -22.001    -9.757
   14100   -22.477     0.144
   14200   -21.158    -1.825
   14300   -23.980    -0.732
   14400   -20.247    -8.010
   14500   -26.827     3.042
   14600   -24.124    -6.788
   14700   -15.244     2.939
   14800   -28.713     1.451
   14900   -27.989    -6.365
   15000   -23.086    -3.900
   15100   -20.823     0.675
   15200   -22.714    -7.068
   15300   -20.017     0.766
   15400   -18.981     1.513
   15500   -27.188     0.050
   15600   -29.044    -2.174
   15700   -17.891    -7.456
   15800   -27.547     1.671
   15900   -25.011    -3.279
   16000   -17.436    -2.620
   16100   -23.753    -5.095
   16200   -26.321     1.258
   16300   -16.765     0.281
   16400   -23.042     2.379
   16500   -23.522    -5.211
   16600   -13.004    -6.951
   16700   -27.126    -3.700
   16800   -23.888    -6.239
   16900   -16.203   -10.899
   17000   -23.298    -3.433
   17100   -16.364    -2.024
   17200   -21.525    -3.238
   17300   -28.601    -0.866
   17400   -23.170    -6.099
   17500   -16.379    -4.191
   17600   -18.904     1.434
   17700   -31.169    -0.262
   17800   -31.989    -6.155
   17900   -25.277    -4.933
   18000   -20.915    -0.604
   18100   -23.708     3.920
   18200   -22.192     2.449
   18300   -19.984   -10.921
   18400   -23.940    -0.403
   18500   -22.483     7.750
   18600   -19.236     0.543
   18700   -20.453    -8.479
   18800   -25.506    -7.219
   18900   -21.123    -8.570
   19000   -19.201    -5.733
   19100   -20.691    -5.733
   19200   -28.964     6.548
   19300   -26.583     0.402
   19400   -25.297    -6.197
   19500   -22.160   -12.924
   19600   -25.401    -2.678
   19700   -24.796    -3.860
   19800   -17.761    -7.187
   19900   -16.187    -2.803
   20000   -24.365     1.157
   20100   -30.123    -5.810
   20200   -21.163    -2.005
   20300   -20.396    -7.675
   20400   -21.590     0.149
   20500   -26.032     0.523
   20600   -22.575     5.443
   20700   -17.793    -0.605
   20800   -24.461    -3.579
   20900   -22.868    -1.911
   21000   -23.444    -2.444
   21100   -23.781    -9.167
   21200   -17.282     5.561
   21300   -24.686     2.678
   21400   -17.549    -7.525
   21500   -19.385    -3.368
   21600   -23.083    -1.883
   21700   -26.577    -9.268
   21800   -26.484    -8.635
   21900   -17.405    -1.445
   22000   -21.607    -2.376
   22100   -14.455     3.660
   22200   -26.082    -6.676
   22300   -23.853    -3.307
   22400   -24.360     0.458
   22500   -21.875    -6.340
   22600   -23.478    -7.780
   22700   -26.628    -8.349
   22800   -22.578     0.302
   22900   -23.961    -2.505
   23000   -21.654    -3.130
   23100   -20.441    -0.355
   23200   -23.714     4.188
   23300   -29.314     0.413
   23400   -21.580    -2.861
   23500   -18.669    -2.942
   23600   -27.743    -5.732
   23700   -25.945     2.619
   23800   -15.846    -9.231
   23900   -16.940    -0.464
   24000   -28.110     5.595
   24100   -16.031    -6.906
   24200   -21.475     3.260
   24300   -27.946    -1.578
   24400   -24.295    -8.389
   24500   -19.070    -7.409
   24600   -22.768    -2.962
   24700   -28.309     0.239
   24800   -23.098    -9.114
   24900   -27.381    -3.435
   25000   -26.530    -5.227
   25100   -16.595     0.677
   25200   -18.931    -1.314
   25300   -23.453    -0.482
   25400   -29.317    -3.538
   25500   -19.945    -3.487
   25600   -16.176    -6.060
   25700   -23.205    -5.669
   25800   -28.177    -0.171
   25900   -19.925    -9.451
   26000   -20.728    -7.005
   26100   -15.212    -6.353
   26200   -21.045     1.379
   26300   -12.414    -3.046
   26400   -17.583     8.687
   26500   -26.632    -1.016
   26600   -23.823    -3.511
   26700   -15.366    -2.624
   26800   -27.291   -10.620
   26900   -26.398    -6.099
   27000   -26.759    -1.982
   27100   -21.647    -8.205
   27200   -21.294    -5.932
   27300   -19.456     2.055
   27400   -15.023    -5.520
   27500   -19.947    -1.743
   27600   -15.914    -4.130
   27700   -19.074    -7.593
   27800   -21.550     4.422
   27900   -21.971    -4.114
   28000   -28.302    -1.433
   28100   -23.398     1.933
   28200   -24.285    -9.259
   28300   -27.561    -7.125
   28400   -25.637     0.091
   28500   -24.185     4.324
   28600   -17.898     0.761
   28700   -21.255     0.816
   28800   -28.183     2.972
   28900   -18.746     7.459
   29000   -23.817     5.073
   29100   -21.021     5.538
   29200   -25.699     0.494
   29300   -27.359    -7.970
   29400   -23.989    -6.064
   29500   -17.335    -1.177
   29600   -28.693     4.650
   29700   -26.893    -2.831
   29800   -23.876    -0.487
   29900   -17.852    -4.545
   30000   -17.399     0.982
   30100   -22.171     6.405
   30200   -29.078    -1.336
   30300   -24.773    -1.104
   30400   -21.481     0.383
   30500   -16.933     1.890
   30600   -15.332    -1.708
   30700   -18.572     0.107
   30800   -20.839    -6.720
   30900   -21.582     0.869
   31000   -30.496   -10.314
   31100   -24.444    -3.387
   31200   -28.071     0.420
   31300   -23.605     1.286
   31400   -26.891    -2.074
   31500   -24.707    -3.105
   31600   -16.510    -0.715
   31700   -23.702     7.512
   31800   -27.699     0.822
   31900   -15.133     1.919
   32000   -21.093    -5.248
   32100   -20.148     4.241
   32200   -24.758     3.621
   32300   -20.748    -3.027
   32400   -17.113    -3.894
   32500   -14.065    -8.563
   32600   -28.727    -2.933
   32700   -25.166    -2.130
   32800   -21.869     2.087
   32900   -12.489    -6.758
   33000   -30.320   -13.874
   33100   -19.200    -3.279
   33200   -13.451     2.348
   33300   -25.453    -6.430
   33400   -25.592    -5.376
   33500   -18.882     2.507
   33600   -22.591    -1.721
   33700   -30.995    -6.060
   33800   -25.805     0.834
   33900   -23.542     3.230
   34000   -33.328    -2.008
   34100   -22.789    -4.264
   34200   -18.811    -0.797
   34300   -19.178    -3.333
   34400   -24.437     2.188
   34500   -24.318     6.816
   34600   -24.938    -3.722
   34700   -24.261    -5.427
   34800   -26.288    -5.380
   34900   -24.044    -4.345
   35000   -25.562     4.240
   35100   -18.965   -13.927
   35200   -18.396    -7.441
   35300   -27.877     2.763
   35400   -20.821    -3.389
   35500   -15.250    -1.938
   35600   -28.328    -5.864
   35700   -25.416     8.871
   35800   -21.859     0.498
   35900   -13.470    -7.299
   36000   -10.029   -15.147
   36100   -27.398     0.675
   36200   -31.902     2.683
   36300   -19.643    -7.945
   36400   -30.246    -9.011
   36500   -23.353    -1.281
   36600   -20.685   -12.130
   36700   -17.870    -2.104
   36800   -25.668    -2.084
   36900   -16.505    -3.293
   37000   -17.163    -3.983
   37100   -17.933    -3.533
   37200   -14.330    -7.521
   37300   -13.695     1.815
   37400   -22.463     4.031
   37500   -18.392    -1.023
   37600   -17.303    -3.164
   37700   -24.293     7.692
   37800   -17.714     1.100
   37900   -22.308    -3.298
   38000   -22.599    -0.806
   38100   -26.215     4.333
   38200   -15.454     5.187
   38300   -12.885    -3.979
   38400   -22.028    -5.204
   38500   -15.964    -0.643
   38600   -25.463    -0.619
   38700   -21.108    -3.609
   38800   -18.690    -0.756
   38900   -15.666    -3.718
   39000   -23.745    -2.820
   39100   -29.778    -5.692
   39200   -25.352    -6.203
   39300   -25.750    -1.600
   39400   -23.794    -3.781
   39500   -27.782     0.447
   39600   -18.822     4.648
   39700   -24.554     2.314
   39800   -25.009    -7.316
   39900   -25.912    -2.515
   40000   -29.153    -1.595
   40100   -19.568    -6.587
   40200   -18.625   -12.456
   40300   -22.441    -1.549
   40400   -23.931     3.745
   40500   -17.267    -0.904
   40600   -16.456    -2.515
   40700   -31.508     2.937
   40800   -21.578    -6.025
   40900   -14.751    -6.198
   41000   -16.406    -7.260
   41100   -15.089    -8.739
   41200   -19.086    -0.303
   41300   -22.517    -2.433
   41400   -28.598    -7.506
   41500   -21.062    -9.190
   41600   -10.987   -11.940
   41700   -24.216     0.099
   41800   -25.259    -4.072
   41900   -11.363    -6.399
   42000   -31.240     6.201
   42100   -22.920     0.978
   42200   -17.539    -8.411
   42300   -22.571    -5.033
   42400   -31.202    -3.181
   42500   -23.786   -14.808
   42600   -25.199    -5.549
   42700   -18.685    -4.409
   42800   -23.636    -7.950
   42900   -21.646     3.978
   43000   -30.759    -3.385
   43100   -28.107    -0.357
   43200   -23.402     0.400
   43300   -21.955    -4.903
   43400   -27.323    -4.109
   43500   -30.979    -1.606
   43600   -18.303     3.741
   43700   -27.519    -2.498
   43800   -21.070    -4.775
   43900   -25.718     3.746
   44000   -22.368    -5.966
   44100   -26.855     2.522
   44200   -23.844     2.122
   44300   -26.112     2.391
   44400   -16.654     3.376
   44500   -16.203    -1.773
   44600   -18.941    -2.944
   44700   -26.367     0.204
   44800   -19.683    -6.245
   44900   -18.706    -0.677
   45000   -22.378    -9.406
   45100   -19.717    -7.693
   45200   -28.739    -8.778
   45300   -24.884     0.414
   45400   -26.525   -10.828
   45500   -23.233    -0.466
   45600   -21.556    -1.146
   45700   -21.729    -2.974
   45800   -19.716    -5.786
   45900   -30.995    -4.043
   46000   -26.836   -11.679
   46100   -15.778   -10.091
   46200   -27.828    -9.049
   46300   -21.008    -0.421
   46400   -15.837     1.900
   46500   -25.633   -10.099
   46600   -22.682   -15.409
   46700   -26.826    -7.008
   46800   -18.166    -4.225
   46900   -21.016     2.741
   47000   -21.428     1.349
   47100   -21.482    -5.890
   47200   -27.650   -15.465
   47300   -21.359   -16.377
   47400   -27.847    -7.036
   47500   -32.797     4.188
   47600   -15.537    -6.382
   47700   -22.097    -0.189
   47800   -26.820    -6.040
   47900   -25.296    -8.754
   48000   -15.940     0.146
   48100   -19.736    -7.786
   48200   -16.148    -2.853
   48300   -30.903     2.536
   48400   -24.378    -5.859
   48500   -20.296    -5.181
   48600   -20.223     6.441
   48700   -23.116    -7.064
   48800   -24.353    -5.035
   48900   -33.068     3.461
   49000   -24.791    -3.521
   49100   -22.300     6.246
   49200   -20.322    -5.133
   49300   -26.943    -4.659
   49400   -15.478     0.271
   49500   -17.245    -5.428
   49600   -24.512    -5.935
   49700   -22.755     1.947
   49800   -16.597    -4.863
   49900   -20.746    -2.314
