       0   -37.910   123.356
     100   -24.006   115.857
     200   -28.578   113.433
     300   -36.792   119.497
     400   -31.989   126.162
     500   -36.353   123.783
     600   -37.508   129.521
     700   -23.289   117.829
     800   -32.464   121.286
     900   -36.008   122.130
    1000   -34.238   119.780
    1100   -39.976   114.246
    1200   -36.995   129.766
    1300   -28.975   119.298
    1400   -38.767   128.468
    1500   -36.210   120.481
    1600   -32.802   119.806
    1700   -36.322   121.388
    1800   -33.637   118.498
    1900   -36.175   120.708
    2000   -33.174   112.251
    2100   -39.136   111.823
    2200   -31.150   121.605
    2300   -39.045   119.194
    2400   -36.847   122.612
    2500   -27.232   116.403
    2600   -31.386   120.150
    2700   -38.823   124.529
    2800   -33.680   127.470
    2900   -25.645   117.330
    3000   -29.654   120.853
    3100   -34.194   130.255
    3200   -31.960   113.765
    3300   -35.535   117.458
    3400   -34.684   118.563
    3500   -42.225   120.205
    3600   -34.940   125.798
    3700   -33.312   119.307
    3800   -37.671   126.337
    3900   -29.322   117.694
    4000   -40.051   116.647
    4100   -33.811   121.804
    4200   -42.073   115.496
    4300   -31.911   115.112
    4400   -25.669   124.190
    4500   -35.366   123.642
    4600   -37.022   124.908
    4700   -37.113   119.982
    4800   -40.665   122.213
    4900   -30.722   118.112
    5000   -35.321   128.466
    5100   -39.774   114.135
    5200   -28.365   118.422
    5300   -33.374   120.136
    5400   -34.303   115.942
    5500   -32.723   126.696
    5600   -38.583   125.127
    5700   -24.590   122.238
    5800   -37.480   121.703
    5900   -37.189   112.742
    6000   -39.046   118.772
    6100   -33.555   118.745
    6200   -30.386   126.469
    6300   -28.561   124.254
    6400   -32.765   123.055
    6500   -32.861   123.096
    6600   -33.291   123.373
    6700   -28.585   122.896
    6800   -34.101   126.657
    6900   -41.134   124.961
    7000   -37.526   121.580
    7100   -35.941   123.210
    7200   -37.673   123.743
    7300   -41.169   114.251
    7400   -30.668   115.639
    7500   -29.086   123.695
    7600   -33.700   125.520
    7700   -38.798   123.059
    7800   -36.746   111.790
    7900   -40.965   123.643
    8000   -31.515   115.516
    8100   -32.590   126.552
    8200   -31.094   120.063
    8300   -37.977   117.539
    8400   -36.317   120.094
    8500   -32.025   114.853
    8600   -46.124   122.507
    8700   -32.983   116.742
    8800   -27.589   108.764
    8900   -42.430   122.489
    9000   -38.579   120.635
    9100   -29.498   121.459
    9200   -37.935   111.943
    9300   -34.867   122.055
    9400   -34.210   117.518
    9500   -28.289   118.219
    9600   -27.643   118.104
    9700   -35.779   126.831
    9800   -37.925   124.986
    9900   -33.801   122.183
   10000   -23.617   117.401
   10100   -32.722   128.866
   10200   -31.204   120.788
   10300   -40.047   124.710
   10400   -37.386   124.618
   10500   -36.154   125.771
   10600   -29.989   122.945
   10700   -25.139   125.505
   10800   -37.172   128.577
   10900   -29.568   126.079
   11000   -27.480   119.340
   11100   -34.455   125.303
   11200   -39.620   125.468
   11300   -31.857   118.603
   11400   -28.732   122.911
   11500   -34.375   119.557
   11600   -36.817   121.395
   11700   -25.890   119.380
   11800   -30.613   121.401
   11900   -24.562   118.883
   12000   -30.394   113.944
   12100   -38.194   122.476
   12200   -34.420   121.935
   12300   -37.957   119.535
   12400   -43.156   125.516
   12500   -31.890   121.584
   12600   -31.466   127.301
   12700   -42.292   117.698
   12800   -31.745   123.828
   12900   -27.409   118.719
   13000   -30.183   116.442
   13100   -33.854   118.835
   13200   -32.170   118.691
   13300   -35.963   115.398
   13400   -36.839   114.613
   13500   -39.963   125.630
   13600   -30.734   123.771
   13700   -36.656   117.868
   13800   -39.822   121.800
   13900   -33.421   131.781
   14000   -33.291   115.319
   14100   -33.505   119.726
   14200   -34.272   116.974
   14300   -36.860   123.086
   14400   -30.941   118.975
   14500   -21.856   118.036
   14600   -36.470   131.130
   14700   -38.565   122.370
   14800   -40.405   120.800
   14900   -34.930   118.765
   15000   -37.315   121.641
   15100   -22.932   120.026
   15200   -29.362   128.111
   15300   -29.747   121.537
   15400   -30.674   117.913
   15500   -39.138   121.914
   15600   -29.617   117.757
   15700   -25.982   122.032
   15800   -33.091   115.128
   15900   -36.344   118.362
   16000   -38.806   122.684
   16100   -44.824   123.570
   16200   -34.298   121.397
   16300   -23.510   115.465
   16400   -40.627   117.602
   16500   -41.920   120.189
   16600   -37.808   122.039
   16700   -37.518   121.994
   16800   -32.632   120.202
   16900   -29.466   124.324
   17000   -38.642   126.402
   17100   -35.102   116.073
   17200   -37.587   126.831
   17300   -29.813   123.145
   17400   -36.100   128.494
   17500   -28.926   120.209
   17600   -22.995   112.540
   17700   -41.483   120.546
   17800   -35.677   125.650
   17900   -38.182   128.174
   18000   -36.944   123.471
   18100   -27.922   122.132
   18200   -36.323   127.660
   18300   -34.388   121.964
   18400   -35.735   124.818
   18500   -27.956   122.598
   18600   -30.233   125.769
   18700   -33.263   121.533
   18800   -33.677   112.301
   18900   -35.982   117.735
   19000   -37.282   125.408
   19100   -34.575   126.521
   19200   -38.352   119.152
   19300   -32.169   121.870
   19400   -37.591   120.510
   19500   -27.357   111.073
   19600   -34.509   117.312
   19700   -39.577   126.998
   19800   -33.115   118.714
   19900   -26.626   114.984
   20000   -39.535   123.774
   20100   -25.808   118.120
   20200   -28.611   123.467
   20300   -34.183   125.387
   20400   -43.073   127.002
   20500   -34.073   118.904
   20600   -26.154   120.041
   20700   -39.628   119.465
   20800   -35.683   114.615
   20900   -34.469   118.412
   21000   -30.911   123.087
   21100   -32.247   115.531
   21200   -34.990   121.718
   21300   -39.197   124.394
   21400   -32.941   123.118
   21500   -27.831   118.598
   21600   -38.342   125.255
   21700   -31.627   126.080
   21800   -36.033   125.850
   21900   -30.633   117.764
   22000   -31.600   117.936
   22100   -35.421   127.397
   22200   -41.646   123.413
   22300   -26.794   115.786
   22400   -39.650   122.121
   22500   -33.850   117.118
   22600   -36.916   129.879
   22700   -36.337   126.230
   22800   -28.787   113.900
   22900   -36.248   118.518
   23000   -37.392   118.110
   23100   -38.001   120.775
   23200   -38.896   118.001
   23300   -40.692   117.255
   23400   -36.471   117.546
   23500   -30.192   128.198
   23600   -40.306   126.185
   23700   -35.612   120.150
   23800   -27.163   113.572
   23900   -36.991   118.569
   24000   -36.417   121.758
   24100   -37.502   121.329
   24200   -38.393   125.184
   24300   -29.771   126.403
   24400   -31.386   124.149
   24500   -35.798   123.680
   24600   -36.656   114.004
   24700   -36.657   118.958
   24800   -32.959   123.236
   24900   -28.147   123.878
   25000   -33.341   122.503
   25100   -27.397   124.112
   25200   -31.016   118.924
   25300   -35.824   120.288
   25400   -37.688   125.244
   25500   -38.222   119.800
   25600   -36.334   119.085
   25700   -37.679   120.467
   25800   -38.659   116.740
   25900   -37.021   121.952
   26000   -36.563   127.139
   26100   -35.118   124.057
   26200   -33.733   117.892
   26300   -34.721   117.986
   26400   -27.510   124.759
   26500   -35.753   120.572
   26600   -32.620   126.064
   26700   -32.398   125.611
   26800   -30.450   120.999
   26900   -31.773   114.828
   27000   -38.589   124.096
   27100   -40.793   124.758
   27200   -29.136   124.374
   27300   -35.187   120.527
   27400   -30.593   121.879
   27500   -31.859   120.993
   27600   -33.230   120.520
   27700   -37.118   114.309
   27800   -34.020   127.444
   27900   -31.234   129.205
   28000   -35.888   118.137
   28100   -38.346   117.166
   28200   -37.834   123.285
   28300   -37.201   114.085
   28400   -37.603   115.431
   28500   -34.569   124.183
   28600   -26.347   117.591
   28700   -32.576   120.049
   28800   -36.324   126.150
   28900   -30.311   127.824
   29000   -36.362   117.379
   29100   -34.013   111.568
   29200   -32.548   124.650
   29300   -31.478   116.280
   29400   -42.930   119.886
   29500   -36.804   112.467
   29600   -32.464   122.901
   29700   -34.334   124.722
   29800   -20.175   120.197
   29900   -35.328   123.137
   30000   -30.201   121.711
   30100   -34.659   119.000
   30200   -32.993   124.865
   30300   -28.887   123.628
   30400   -24.932   127.602
   30500   -31.316   124.681
   30600   -32.387   123.938
   30700   -30.037   134.425
   30800   -34.238   125.871
   30900   -34.353   119.700
   31000   -31.180   127.129
   31100   -32.556   127.316
   31200   -26.726   122.770
   31300   -26.225   122.860
   31400   -32.709   119.059
   31500   -32.763   115.471
   31600   -35.620   120.097
   31700   -33.606   121.941
   31800   -41.927   128.598
   31900   -33.798   118.247
   32000   -29.729   124.645
   32100   -36.583   126.285
   32200   -34.236   127.270
   32300   -32.265   118.336
   32400   -34.498   125.162
   32500   -42.276   124.395
   32600   -27.889   127.234
   32700   -27.839   118.377
   32800   -34.833   127.441
   32900   -36.154   130.640
   33000   -31.891   123.742
   33100   -34.988   121.517
   33200   -37.338   117.421
   33300   -32.028   118.985
   33400   -36.650   117.476
   33500   -40.805   124.215
   33600   -37.006   120.362
   33700   -30.127   121.518
   33800   -28.450   121.041
   33900   -34.804   123.952
   34000   -45.656   124.485
   34100   -31.328   121.922
   34200   -38.251   123.271
   34300   -33.403   124.882
   34400   -37.270   126.286
   34500   -37.292   127.483
   34600   -30.578   116.435
   34700   -36.716   116.171
   34800   -34.447   120.513
   34900   -34.270   123.573
   35000   -34.249   117.841
   35100   -28.987   125.242
   35200   -32.719   114.248
   35300   -35.641   126.287
   35400   -35.147   125.205
   35500   -34.116   112.622
   35600   -35.471   117.543
   35700   -34.638   121.041
   35800   -42.221   120.890
   35900   -30.594   121.852
   36000   -29.360   123.209
   36100   -38.145   118.189
   36200   -33.004   113.667
   36300   -38.400   123.138
   36400   -30.470   112.462
   36500   -35.640   120.482
   36600   -36.204   125.482
   36700   -34.715   118.595
   36800   -28.472   124.440
   36900   -31.065   124.015
   37000   -27.611   124.423
   37100   -32.426   117.968
   37200   -32.800   126.604
   37300   -31.495   130.766
   37400   -30.570   131.091
   37500   -22.816   126.002
   37600   -26.405   120.064
   37700   -36.803   121.463
   37800   -35.323   123.954
   37900   -31.720   126.830
   38000   -31.548   114.730
   38100   -33.029   119.759
   38200   -33.896   117.469
   38300   -36.217   112.978
   38400   -28.905   120.752
   38500   -37.088   129.861
   38600   -32.505   112.035
   38700   -24.835   109.288
   38800   -37.394   126.003
   38900   -33.008   118.575
   39000   -36.692   121.605
   39100   -26.193   121.610
   39200   -26.279   111.912
   39300   -30.095   125.311
   39400   -35.620   126.938
   39500   -37.240   116.722
   39600   -26.634   125.370
   39700   -39.340   115.017
   39800   -33.618   115.074
   39900   -28.267   112.462
   40000   -39.159   113.906
   40100   -29.035   125.947
   40200   -33.914   120.312
   40300   -34.154   115.526
   40400   -37.270   118.971
   40500   -35.848   125.861
   40600   -36.837   115.351
   40700   -28.974   117.289
   40800   -28.792   127.501
   40900   -35.230   121.771
   41000   -37.919   127.529
   41100   -29.506   121.056
   41200   -33.483   125.778
   41300   -33.662   124.151
   41400   -30.915   120.590
   41500   -33.202   119.469
   41600   -33.948   122.571
   41700   -35.454   119.569
   41800   -34.781   118.920
   41900   -37.711   119.540
   42000   -26.983   122.750
   42100   -33.511   123.863
   42200   -30.959   126.069
   42300   -29.429   129.585
   42400   -26.387   117.403
   42500   -42.336   128.328
   42600   -31.713   122.718
   42700   -42.388   118.349
   42800   -35.515   119.143
   42900   -25.792   127.175
   43000   -38.471   124.442
   43100   -38.322   123.388
   43200   -35.834   115.038
   43300   -40.749   115.976
   43400   -31.007   115.596
   43500   -41.498   125.561
   43600   -33.084   122.036
   43700   -37.419   120.379
   43800   -29.672   120.021
   43900   -28.755   113.018
   44000   -35.372   122.883
   44100   -30.245   121.325
   44200   -29.509   117.800
   44300   -24.222   120.719
   44400   -36.066   117.482
   44500   -33.158   124.885
   44600   -31.803   120.590
   44700   -33.826   124.259
   44800   -33.242   119.153
   44900   -33.149   119.869
   45000   -28.311   125.378
   45100   -33.547   118.763
   45200   -31.758   120.756
   45300   -32.204   119.533
   45400   -29.931   126.493
   45500   -30.868   127.296
   45600   -37.695   122.073
   45700   -35.973   116.905
   45800   -36.808   115.650
   45900   -33.917   124.342
   46000   -40.849   122.621
   46100   -31.950   117.209
   46200   -34.589   121.363
   46300   -26.482   115.505
   46400   -34.494   122.289
   46500   -36.327   115.805
   46600   -34.910   125.000
   46700   -36.181   119.663
   46800   -36.343   119.076
   46900   -35.925   119.685
   47000   -33.866   118.900
   47100   -33.958   118.859
   47200   -27.214   129.016
   47300   -29.988   123.994
   47400   -31.335   124.077
   47500   -40.566   115.666
   47600   -30.142   124.481
   47700   -34.189   123.039
   47800   -38.416   127.982
   47900   -25.682   120.458
   48000   -32.059   122.686
   48100   -36.000   121.695
   48200   -36.729   125.142
   48300   -36.690   127.537
   48400   -31.856   117.126
   48500   -36.106   116.822
   48600   -32.509   116.847
   48700   -30.892   122.926
   48800   -37.316   127.292
   48900   -32.812   121.433
   49000   -40.001   125.267
   49100   -31.020   128.790
   49200   -34.624   114.972
   49300   -39.094   126.362
   49400   -35.615   121.207
   49500   -31.935   127.064
   49600   -28.019   121.966
   49700   -39.271   119.470
   49800   -37.239   122.878
   49900   -25.627   119.310
