       0  -157.637    23.568
     100  -158.541    28.066
     200  -159.418    31.353
     300  -153.704    31.239
     400  -173.413    29.339
     500  -165.749    24.751
     600  -160.996    40.010
     700  -156.131    40.267
     800  -160.983    32.261
     900  -149.279    34.229
    1000  -165.088    30.511
    1100  -157.473    33.571
    1200  -161.202    30.240
    1300  -164.368    26.910
    1400  -159.816    32.468
    1500  -157.306    28.606
    1600  -162.660    33.653
    1700  -160.793    29.694
    1800  -159.236    33.018
    1900  -158.618    34.349
    2000  -160.545    28.420
    2100  -159.829    29.531
    2200  -161.178    26.341
    2300  -169.739    24.376
    2400  -160.953    30.579
    2500  -161.329    31.765
    2600  -162.184    29.825
    2700  -161.732    28.047
    2800  -165.025    28.699
    2900  -164.169    37.949
    3000  -167.484    37.089
    3100  -166.742    31.441
    3200  -161.056    30.517
    3300  -162.113    36.756
    3400  -163.315    29.332
    3500  -170.941    35.602
    3600  -165.701    28.796
    3700  -162.651    28.049
    3800  -164.107    26.616
    3900  -155.477    35.531
    4000  -160.173    25.930
    4100  -159.814    26.890
    4200  -157.482    32.280
    4300  -160.530    26.401
    4400  -157.887    30.754
    4500  -167.245    24.516
    4600  -162.052    30.332
    4700  -162.085    25.950
    4800  -160.920    29.069
    4900  -168.191    22.489
    5000  -155.879    30.048
    5100  -163.212    30.171
    5200  -161.310    27.584
    5300  -163.684    26.941
    5400  -163.582    26.058
    5500  -162.766    27.640
    5600  -159.677    27.469
    5700  -156.620    26.087
    5800  -153.000    23.291
    5900  -164.011    19.781
    6000  -160.708    22.104
    6100  -157.446    26.350
    6200  -164.159    27.576
    6300  -159.689    31.370
    6400  -162.137    29.512
    6500  -165.291    39.265
    6600  -167.926    41.250
    6700  -172.952    28.529
    6800  -162.508    26.435
    6900  -166.248    29.331
    7000  -163.823    30.349
    7100  -162.776    20.718
    7200  -163.097    22.028
    7300  -152.881    25.298
    7400  -155.621    23.245
    7500  -152.688    35.964
    7600  -162.691    29.205
    7700  -167.172    28.868
    7800  -159.913    36.412
    7900  -167.338    32.778
    8000  -158.379    25.700
    8100  -161.706    36.311
    8200  -160.128    32.164
    8300  -159.743    24.488
    8400  -162.331    28.907
    8500  -161.352    27.923
    8600  -161.641    32.455
    8700  -160.810    35.619
    8800  -160.975    36.497
    8900  -156.243    31.220
    9000  -153.766    26.162
    9100  -169.693    27.248
    9200  -158.763    30.042
    9300  -166.547    26.082
    9400  -168.781    29.199
    9500  -162.531    21.107
    9600  -165.026    30.748
    9700  -165.549    35.437
    9800  -170.126    33.697
    9900  -158.553    21.578
   10000  -157.525    22.354
   10100  -157.827    18.538
   10200  -152.869    14.616
   10300  -158.782    20.188
   10400  -157.810    24.413
   10500  -167.870    37.669
   10600  -160.651    32.319
   10700  -159.734    35.062
   10800  -161.976    26.274
   10900  -164.294    21.489
   11000  -162.189    22.528
   11100  -164.633    26.239
   11200  -157.013    24.561
   11300  -158.696    22.140
   11400  -161.320    24.575
   11500  -166.383    26.263
   11600  -161.393    27.826
   11700  -159.240    22.079
   11800  -165.511    27.116
   11900  -166.808    24.590
   12000  -165.195    26.076
   12100  -164.657    26.242
   12200  -163.509    31.934
   12300  -157.482    31.465
   12400  -160.026    25.818
   12500  -161.649    25.622
   12600  -164.084    18.820
   12700  -159.364    27.079
   12800  -158.437    26.832
   12900  -157.996    32.121
   13000  -159.882    29.905
   13100  -168.944    24.952
   13200  -161.290    31.367
   13300  -163.120    31.541
   13400  -156.846    25.966
   13500  -162.651    27.788
   13600  -156.788    33.417
   13700  -158.256    33.407
   13800  -162.627    26.479
   13900  -157.684    21.201
   14000  -158.162    28.511
   14100  -164.756    26.452
   14200  -169.258    27.943
   14300  -161.540    24.980
   14400  -168.332    29.928
   14500  -162.723    32.176
   14600  -160.453    25.702
   14700  -160.247    28.158
   14800  -152.307    29.906
   14900  -158.278    25.217
   15000  -164.949    30.169
   15100  -158.431    26.384
   15200  -162.538    32.578
   15300  -158.019    22.081
   15400  -164.929    30.348
   15500  -170.488    31.620
   15600  -161.535    25.842
   15700  -162.177    23.450
   15800  -163.524    23.259
   15900  -161.242    16.171
   16000  -164.145    16.104
   16100  -167.769    18.138
   16200  -159.153    34.250
   16300  -159.464    31.586
   16400  -163.524    30.765
   16500  -162.627    23.446
   16600  -149.358    37.774
   16700  -162.873    30.399
   16800  -163.037    31.908
   16900  -166.704    28.672
   17000  -164.154    31.601
   17100  -160.393    35.363
   17200  -161.490    21.141
   17300  -165.898    26.310
   17400  -162.413    22.325
   17500  -161.627    25.955
   17600  -163.086    23.727
   17700  -163.084    24.906
   17800  -165.063    23.402
   17900  -165.416    26.606
   18000  -161.580    25.450
   18100  -162.034    28.873
   18200  -166.313    23.014
   18300  -159.976    27.095
   18400  -160.709    36.301
   18500  -155.966    29.320
   18600  -160.259    22.777
   18700  -158.475    24.964
   18800  -158.461    23.793
   18900  -162.381    28.420
   19000  -162.794    34.063
   19100  -165.056    30.099
   19200  -166.587    28.846
   19300  -165.057    21.560
   19400  -163.706    34.241
   19500  -167.148    33.656
   19600  -159.512    28.340
   19700  -166.242    30.771
   19800  -166.080    27.304
   19900  -163.693    29.145
   20000  -161.384    33.741
   20100  -155.321    20.465
   20200  -158.758    34.333
   20300  -160.389    28.186
   20400  -163.601    30.168
   20500  -160.737    35.975
   20600  -163.259    31.523
   20700  -162.281    29.580
   20800  -160.125    28.078
   20900  -154.277    29.504
   21000  -154.352    35.098
   21100  -157.670    28.713
   21200  -158.273    27.880
   21300  -153.893    32.832
   21400  -161.116    37.143
   21500  -161.271    33.054
   21600  -168.917    29.640
   21700  -164.847    31.890
   21800  -161.246    30.160
   21900  -161.673    33.475
   22000  -160.393    36.193
   22100  -157.516    25.590
   22200  -156.012    30.496
   22300  -165.685    28.161
   22400  -164.012    28.440
   22500  -157.973    37.920
   22600  -162.035    26.918
   22700  -162.094    26.093
   22800  -171.735    33.148
   22900  -162.836    33.092
   23000  -166.706    35.518
   23100  -166.021    34.374
   23200  -166.664    40.381
   23300  -162.631    29.472
   23400  -159.666    35.404
   23500  -156.952    28.698
   23600  -158.341    28.291
   23700  -158.270    23.742
   23800  -155.106    27.046
   23900  -160.207    35.431
   24000  -159.116    33.458
   24100  -166.213    35.458
   24200  -161.378    26.900
   24300  -156.464    30.069
   24400  -161.901    23.029
   24500  -164.820    28.062
   24600  -161.600    30.094
   24700  -165.040    26.853
   24800  -162.039    31.302
   24900  -162.054    32.066
   25000  -161.399    26.212
   25100  -165.619    24.965
   25200  -153.141    29.891
   25300  -160.272    33.293
   25400  -162.087    29.743
   25500  -168.305    25.062
   25600  -165.632    24.460
   25700  -160.970    32.098
   25800  -162.521    29.683
   25900  -163.102    24.486
   26000  -159.138    25.199
   26100  -158.475    32.902
   26200  -162.852    19.671
   26300  -161.802    31.655
   26400  -162.167    32.246
   26500  -167.509    28.609
   26600  -162.197    31.157
   26700  -163.666    28.506
   26800  -161.011    38.942
   26900  -163.988    26.935
   27000  -161.964    31.204
   27100  -164.848    33.672
   27200  -163.478    32.217
   27300  -158.199    30.823
   27400  -160.318    34.636
   27500  -164.823    27.899
   27600  -161.723    31.671
   27700  -162.190    36.993
   27800  -160.025    32.048
   27900  -153.750    37.248
   28000  -154.657    34.208
   28100  -158.194    22.770
   28200  -164.335    27.961
   28300  -160.885    28.516
   28400  -165.396    32.554
   28500  -160.655    29.210
   28600  -166.515    30.017
   28700  -165.979    22.711
   28800  -157.139    28.610
   28900  -156.312    29.539
   29000  -163.011    30.633
   29100  -161.245    38.276
   29200  -162.627    38.389
   29300  -158.869    20.908
   29400  -159.799    33.417
   29500  -157.961    33.717
   29600  -160.701    28.408
   29700  -157.750    32.470
   29800  -170.166    28.356
   29900  -160.077    29.249
   30000  -165.394    34.700
   30100  -168.774    34.873
   30200  -168.558    33.753
   30300  -165.671    32.961
   30400  -162.993    30.494
   30500  -155.625    31.535
   30600  -164.790    24.569
   30700  -159.540    24.945
   30800  -163.346    32.298
   30900  -165.830    24.582
   31000  -156.374    28.020
   31100  -157.388    24.389
   31200  -167.094    29.466
   31300  -162.790    36.405
   31400  -161.773    37.264
   31500  -168.950    25.413
   31600  -167.798    33.367
   31700  -162.828    28.672
   31800  -156.703    34.820
   31900  -159.099    24.575
   32000  -163.939    21.254
   32100  -159.461    21.250
   32200  -167.596    32.088
   32300  -163.576    29.675
   32400  -162.478    35.946
   32500  -161.680    33.374
   32600  -158.231    28.869
   32700  -161.493    29.594
   32800  -158.531    24.624
   32900  -159.716    27.039
   33000  -163.729    23.791
   33100  -163.339    31.166
   33200  -163.652    27.749
   33300  -160.111    30.208
   33400  -165.903    29.754
   33500  -158.537    36.866
   33600  -162.493    38.232
   33700  -160.967    27.951
   33800  -163.200    30.800
   33900  -156.964    30.373
   34000  -157.999    25.433
   34100  -165.929    37.730
   34200  -157.677    33.075
   34300  -164.151    26.877
   34400  -146.555    30.235
   34500  -163.545    31.007
   34600  -158.293    36.496
   34700  -169.489    28.481
   34800  -165.036    29.835
   34900  -169.676    25.747
   35000  -159.600    27.304
   35100  -164.571    29.260
   35200  -160.477    24.927
   35300  -154.411    17.305
   35400  -156.220    29.218
   35500  -161.765    32.138
   35600  -164.213    28.810
   35700  -165.300    30.452
   35800  -152.607    40.277
   35900  -158.597    37.807
   36000  -160.205    27.134
   36100  -155.655    29.470
   36200  -163.719    30.245
   36300  -165.234    33.616
   36400  -158.252    21.424
   36500  -164.744    28.873
   36600  -164.530    26.645
   36700  -155.392    31.002
   36800  -163.862    35.229
   36900  -160.277    33.075
   37000  -157.469    33.663
   37100  -167.683    35.522
   37200  -157.575    24.211
   37300  -155.825    28.778
   37400  -161.196    25.957
   37500  -169.336    24.071
   37600  -159.757    25.432
   37700  -153.071    23.240
   37800  -155.771    28.592
   37900  -160.374    30.394
   38000  -160.472    27.790
   38100  -154.288    21.323
   38200  -157.574    25.841
   38300  -158.061    24.443
   38400  -159.557    26.692
   38500  -171.467    27.510
   38600  -159.416    32.423
   38700  -158.212    37.148
   38800  -167.569    28.383
   38900  -161.320    25.360
   39000  -162.851    22.504
   39100  -172.258    32.005
   39200  -159.295    30.612
   39300  -159.950    30.714
   39400  -160.099    27.467
   39500  -158.645    25.245
   39600  -161.835    26.406
   39700  -162.376    26.069
   39800  -158.343    36.431
   39900  -161.813    27.374
   40000  -157.622    29.516
   40100  -163.671    33.114
   40200  -160.897    21.820
   40300  -155.640    25.877
   40400  -158.875    28.086
   40500  -172.658    38.632
   40600  -162.711    40.115
   40700  -164.666    26.432
   40800  -159.554    26.394
   40900  -163.835    26.761
   41000  -161.524    35.062
   41100  -163.995    32.339
   41200  -159.904    32.360
   41300  -164.495    28.505
   41400  -156.669    31.416
   41500  -158.824    25.863
   41600  -160.405    23.547
   41700  -164.221    35.938
   41800  -174.129    32.569
   41900  -162.537    33.305
   42000  -163.389    34.747
   42100  -160.682    26.876
   42200  -164.624    26.202
   42300  -156.594    26.052
   42400  -164.899    35.057
   42500  -156.521    26.003
   42600  -159.155    20.667
   42700  -166.009    27.180
   42800  -159.109    23.856
   42900  -166.436    31.450
   43000  -162.676    26.720
   43100  -159.865    27.152
   43200  -162.669    22.577
   43300  -151.420    21.076
   43400  -167.071    24.861
   43500  -163.111    32.136
   43600  -160.096    26.965
   43700  -163.717    28.005
   43800  -167.547    28.212
   43900  -166.341    30.185
   44000  -159.536    26.949
   44100  -159.261    24.613
   44200  -164.125    19.592
   44300  -162.017    31.872
   44400  -155.047    27.605
   44500  -164.887    25.490
   44600  -165.635    28.603
   44700  -164.973    30.417
   44800  -160.943    27.492
   44900  -161.805    26.277
   45000  -154.284    23.991
   45100  -155.000    25.327
   45200  -161.687    21.687
   45300  -158.635    20.926
   45400  -157.666    26.558
   45500  -161.499    26.116
   45600  -162.909    24.807
   45700  -163.056    22.764
   45800  -158.925    24.061
   45900  -160.036    23.495
   46000  -160.677    31.160
   46100  -157.368    32.040
   46200  -159.298    31.999
   46300  -156.110    36.360
   46400  -159.989    32.984
   46500  -163.666    33.326
   46600  -167.223    28.059
   46700  -162.378    30.261
   46800  -169.480    13.296
   46900  -161.157    26.691
   47000  -155.804    33.347
   47100  -161.208    30.160
   47200  -162.925    34.312
   47300  -159.088    38.482
   47400  -159.321    31.844
   47500  -167.292    30.082
   47600  -161.822    33.722
   47700  -158.806    21.225
   47800  -161.473    33.744
   47900  -157.930    33.759
   48000  -162.653    25.031
   48100  -162.310    30.932
   48200  -159.664    33.616
   48300  -158.563    38.744
   48400  -171.048    36.943
   48500  -162.379    37.430
   48600  -159.206    34.637
   48700  -158.351    30.884
   48800  -157.406    28.286
   48900  -158.432    32.813
   49000  -154.605    36.720
   49100  -161.708    26.845
   49200  -157.457    32.081
   49300  -162.995    27.879
   49400  -164.882    34.414
   49500  -162.605    27.235
   49600  -159.837    31.012
   49700  -162.081    19.311
   49800  -164.820    28.129
   49900  -165.667    28.591
