       0  -161.824    72.237
     100  -166.349    71.089
     200  -160.303    83.124
     300  -155.601    83.451
     400  -159.672    72.820
     500  -167.079    73.783
     600  -158.687    70.654
     700  -157.344    77.890
     800  -164.972    71.380
     900  -166.636    69.698
    1000  -155.856    78.041
    1100  -165.992    74.726
    1200  -161.634    79.158
    1300  -163.781    69.958
    1400  -164.698    67.818
    1500  -159.397    69.332
    1600  -156.373    77.647
    1700  -167.462    66.697
    1800  -155.677    73.554
    1900  -157.343    79.244
    2000  -161.409    77.956
    2100  -166.172    76.925
    2200  -161.239    74.793
    2300  -157.676    76.897
    2400  -168.689    74.269
    2500  -160.263    68.590
    2600  -158.307    73.056
    2700  -159.125    71.854
    2800  -162.903    75.759
    2900  -165.710    72.211
    3000  -157.716    69.260
    3100  -163.270    78.563
    3200  -160.148    74.489
    3300  -159.821    71.259
    3400  -164.024    77.611
    3500  -156.806    76.042
    3600  -162.104    72.717
    3700  -161.418    78.746
    3800  -162.382    75.956
    3900  -159.833    77.386
    4000  -161.540    76.026
    4100  -161.613    85.465
    4200  -160.250    82.103
    4300  -161.738    80.653
    4400  -152.931    83.182
    4500  -154.746    80.815
    4600  -161.305    69.560
    4700  -162.327    78.682
    4800  -164.214    80.392
    4900  -153.279    77.011
    5000  -161.297    70.502
    5100  -162.145    75.536
    5200  -162.030    76.732
    5300  -155.825    78.860
    5400  -163.041    78.614
    5500  -161.380    81.766
    5600  -154.952    82.396
    5700  -160.431    64.871
    5800  -159.694    83.828
    5900  -164.181    75.820
    6000  -157.299    72.960
    6100  -161.839    79.423
    6200  -163.754    82.070
    6300  -166.860    71.228
    6400  -161.643    79.434
    6500  -159.184    77.731
    6600  -158.724    75.974
    6700  -164.426    79.070
    6800  -152.394    70.949
    6900  -157.189    79.414
    7000  -162.055    75.378
    7100  -169.336    70.897
    7200  -161.368    73.629
    7300  -163.757    78.450
    7400  -166.262    77.215
    7500  -163.060    73.425
    7600  -158.294    81.382
    7700  -158.717    82.818
    7800  -159.262    71.305
    7900  -160.113    76.732
    8000  -168.315    71.760
    8100  -157.180    77.669
    8200  -159.778    75.386
    8300  -163.397    73.093
    8400  -163.153    69.472
    8500  -159.448    77.958
    8600  -166.583    76.615
    8700  -161.949    72.605
    8800  -155.474    73.860
    8900  -157.631    72.390
    9000  -153.970    74.713
    9100  -163.013    74.006
    9200  -164.970    76.568
    9300  -161.597    77.312
    9400  -155.751    75.240
    9500  -160.599    68.585
    9600  -160.084    81.534
    9700  -155.938    74.734
    9800  -168.758    80.150
    9900  -159.389    72.952
   10000  -158.157    74.921
   10100  -163.603    73.401
   10200  -154.724    72.972
   10300  -153.908    81.281
   10400  -159.926    80.618
   10500  -162.987    73.182
   10600  -161.903    76.198
   10700  -161.398    71.905
   10800  -157.478    77.428
   10900  -158.301    75.278
   11000  -165.580    72.477
   11100  -161.896    80.688
   11200  -156.267    75.587
   11300  -159.338    78.586
   11400  -166.265    69.874
   11500  -156.258    79.537
   11600  -168.677    75.712
   11700  -162.673    75.197
   11800  -164.202    74.423
   11900  -155.100    72.783
   12000  -158.073    71.021
   12100  -149.309    70.684
   12200  -167.029    76.001
   12300  -165.654    73.442
   12400  -166.649    71.099
   12500  -163.289    78.180
   12600  -163.728    78.369
   12700  -160.672    70.945
   12800  -159.650    70.405
   12900  -155.474    71.697
   13000  -158.658    82.082
   13100  -157.813    73.200
   13200  -161.803    66.524
   13300  -154.225    74.195
   13400  -165.366    79.689
   13500  -156.354    69.371
   13600  -161.478    71.875
   13700  -160.371    71.320
   13800  -159.878    65.819
   13900  -162.380    74.788
   14000  -167.500    65.251
   14100  -159.590    76.455
   14200  -163.922    69.878
   14300  -155.863    67.739
   14400  -166.630    66.876
   14500  -160.403    75.333
   14600  -165.779    69.294
   14700  -161.244    72.530
   14800  -158.958    75.433
   14900  -154.574    81.782
   15000  -159.170    75.457
   15100  -161.784    74.300
   15200  -159.320    71.567
   15300  -157.348    85.005
   15400  -153.297    82.468
   15500  -164.903    70.455
   15600  -158.030    80.379
   15700  -166.557    77.624
   15800  -165.464    79.257
   15900  -167.863    74.101
   16000  -168.740    77.399
   16100  -158.647    65.209
   16200  -166.631    66.904
   16300  -168.251    70.783
   16400  -161.900    74.537
   16500  -153.868    76.788
   16600  -163.620    75.306
   16700  -165.656    73.849
   16800  -163.120    78.738
   16900  -147.737    79.760
   17000  -166.133    82.364
   17100  -164.532    71.529
   17200  -166.232    68.881
   17300  -157.003    79.696
   17400  -159.101    72.437
   17500  -166.669    78.334
   17600  -158.795    81.986
   17700  -159.566    74.137
   17800  -158.473    83.775
   17900  -164.963    72.314
   18000  -150.852    70.884
   18100  -158.301    79.948
   18200  -159.870    67.410
   18300  -157.448    69.765
   18400  -154.535    75.738
   18500  -158.889    75.125
   18600  -158.247    70.843
   18700  -161.192    79.238
   18800  -156.801    77.289
   18900  -162.415    71.583
   19000  -165.614    91.393
   19100  -166.494    71.589
   19200  -166.112    75.671
   19300  -162.525    78.435
   19400  -161.688    71.407
   19500  -165.632    70.468
   19600  -165.322    80.478
   19700  -166.752    71.901
   19800  -164.606    75.868
   19900  -168.883    70.446
   20000  -165.268    74.624
   20100  -166.553    71.987
   20200  -168.163    69.726
   20300  -166.798    71.244
   20400  -157.020    74.716
   20500  -162.462    78.359
   20600  -164.120    72.502
   20700  -170.030    75.858
   20800  -166.462    77.424
   20900  -161.279    75.256
   21000  -157.290    70.523
   21100  -167.918    77.339
   21200  -165.559    74.620
   21300  -165.087    77.950
   21400  -164.882    77.983
   21500  -167.268    75.884
   21600  -162.186    65.070
   21700  -162.457    66.941
   21800  -162.718    76.111
   21900  -163.837    76.716
   22000  -156.187    61.144
   22100  -167.665    74.033
   22200  -162.109    75.575
   22300  -161.209    71.195
   22400  -167.614    73.150
   22500  -162.063    82.280
   22600  -158.661    78.318
   22700  -170.631    69.499
   22800  -164.228    79.922
   22900  -163.640    73.590
   23000  -163.608    78.058
   23100  -156.378    72.469
   23200  -170.776    73.850
   23300  -162.398    87.941
   23400  -160.881    78.772
   23500  -159.243    73.163
   23600  -159.157    64.947
   23700  -160.344    77.622
   23800  -163.144    85.205
   23900  -160.503    78.382
   24000  -157.427    72.789
   24100  -159.715    73.839
   24200  -163.586    66.038
   24300  -162.217    72.131
   24400  -166.374    71.809
   24500  -161.508    75.332
   24600  -164.187    68.308
   24700  -164.826    75.764
   24800  -164.488    78.829
   24900  -164.507    70.142
   25000  -154.028    73.247
   25100  -155.871    77.940
   25200  -159.478    69.273
   25300  -157.449    74.645
   25400  -155.747    66.515
   25500  -159.901    74.491
   25600  -161.604    74.473
   25700  -157.683    70.545
   25800  -165.787    75.425
   25900  -163.828    73.975
   26000  -164.662    67.202
   26100  -157.583    75.358
   26200  -167.512    77.178
   26300  -158.214    80.304
   26400  -154.388    72.070
   26500  -158.659    85.497
   26600  -159.182    70.375
   26700  -158.135    77.757
   26800  -157.039    76.527
   26900  -163.302    77.658
   27000  -161.420    72.219
   27100  -163.143    76.527
   27200  -156.183    75.352
   27300  -160.422    77.831
   27400  -153.249    76.258
   27500  -159.156    75.795
   27600  -159.159    73.400
   27700  -156.830    84.920
   27800  -161.715    79.078
   27900  -166.664    75.903
   28000  -162.882    83.268
   28100  -168.622    77.647
   28200  -165.367    79.209
   28300  -164.663    74.266
   28400  -164.957    81.139
   28500  -151.047    77.918
   28600  -162.394    79.041
   28700  -164.795    69.371
   28800  -162.821    74.574
   28900  -155.495    79.892
   29000  -156.336    66.441
   29100  -164.294    70.605
   29200  -166.055    77.569
   29300  -166.546    73.885
   29400  -162.670    78.030
   29500  -165.460    81.775
   29600  -165.690    69.437
   29700  -164.797    81.863
   29800  -162.337    74.436
   29900  -159.321    77.450
   30000  -165.292    80.027
   30100  -163.693    82.561
   30200  -163.878    79.349
   30300  -166.426    71.378
   30400  -160.601    74.987
   30500  -166.818    66.807
   30600  -160.935    73.485
   30700  -167.940    75.074
   30800  -159.671    77.167
   30900  -155.943    70.116
   31000  -160.901    66.588
   31100  -162.688    71.793
   31200  -166.647    76.248
   31300  -163.636    78.893
   31400  -163.451    77.085
   31500  -163.948    64.948
   31600  -161.580    74.898
   31700  -164.384    79.392
   31800  -160.858    75.647
   31900  -167.636    84.455
   32000  -164.443    70.256
   32100  -160.288    68.093
   32200  -162.360    66.379
   32300  -166.514    79.973
   32400  -165.006    75.789
   32500  -156.901    80.547
   32600  -158.894    77.598
   32700  -156.371    81.470
   32800  -158.186    67.873
   32900  -161.142    68.914
   33000  -162.002    74.833
   33100  -165.152    77.749
   33200  -158.075    77.678
   33300  -157.919    70.564
   33400  -165.350    70.870
   33500  -163.997    72.608
   33600  -164.572    73.752
   33700  -160.360    76.042
   33800  -166.502    64.224
   33900  -166.027    77.542
   34000  -168.898    69.262
   34100  -161.740    78.475
   34200  -165.727    77.222
   34300  -165.221    71.474
   34400  -156.531    74.263
   34500  -164.722    83.456
   34600  -159.919    78.682
   34700  -160.175    71.387
   34800  -161.378    67.396
   34900  -159.986    74.795
   35000  -170.679    68.187
   35100  -164.363    78.511
   35200  -163.714    81.818
   35300  -166.439    77.677
   35400  -160.157    76.649
   35500  -160.072    77.889
   35600  -158.526    77.511
   35700  -162.863    78.305
   35800  -164.624    74.721
   35900  -157.683    69.777
   36000  -161.275    78.641
   36100  -154.809    76.911
   36200  -161.411    74.356
   36300  -159.476    73.206
   36400  -164.352    72.690
   36500  -162.454    76.701
   36600  -163.742    77.508
   36700  -168.211    82.703
   36800  -163.355    78.808
   36900  -156.668    73.939
   37000  -161.301    82.722
   37100  -161.886    75.270
   37200  -167.387    82.931
   37300  -164.367    73.138
   37400  -162.640    70.341
   37500  -158.403    70.955
   37600  -165.148    69.044
   37700  -161.261    65.827
   37800  -158.992    78.281
   37900  -164.567    80.000
   38000  -170.161    67.791
   38100  -162.226    80.935
   38200  -159.132    74.374
   38300  -163.837    79.677
   38400  -164.910    74.489
   38500  -169.255    73.033
   38600  -167.038    71.424
   38700  -165.129    72.897
   38800  -165.610    72.870
   38900  -166.685    71.208
   39000  -157.020    77.582
   39100  -165.187    72.209
   39200  -174.460    83.325
   39300  -168.117    78.624
   39400  -166.580    77.035
   39500  -159.348    71.169
   39600  -160.140    78.915
   39700  -156.143    75.745
   39800  -165.242    80.777
   39900  -162.427    72.671
   40000  -156.776    71.243
   40100  -158.994    73.408
   40200  -158.955    75.745
   40300  -156.385    72.897
   40400  -162.251    85.559
   40500  -158.237    75.050
   40600  -161.405    75.258
   40700  -158.887    79.741
   40800  -164.885    75.135
   40900  -161.339    72.726
   41000  -164.285    69.386
   41100  -166.876    72.846
   41200  -166.324    77.997
   41300  -163.143    73.126
   41400  -159.829    73.200
   41500  -158.101    80.962
   41600  -157.153    73.684
   41700  -159.694    75.467
   41800  -168.697    67.484
   41900  -158.152    69.013
   42000  -162.597    82.357
   42100  -159.677    78.516
   42200  -157.005    81.817
   42300  -169.371    71.450
   42400  -156.939    73.180
   42500  -162.599    79.063
   42600  -163.820    80.066
   42700  -160.968    75.668
   42800  -157.453    71.066
   42900  -157.667    79.289
   43000  -163.905    80.382
   43100  -161.744    76.214
   43200  -171.275    76.755
   43300  -161.386    79.929
   43400  -169.859    77.218
   43500  -157.294    79.198
   43600  -164.104    75.307
   43700  -158.741    73.245
   43800  -164.925    71.709
   43900  -166.117    74.768
   44000  -164.793    74.909
   44100  -166.275    76.079
   44200  -162.093    72.552
   44300  -164.657    72.944
   44400  -167.042    75.358
   44500  -159.533    79.723
   44600  -168.236    81.110
   44700  -168.970    80.556
   44800  -160.715    76.782
   44900  -158.819    76.338
   45000  -159.889    68.975
   45100  -155.929    79.536
   45200  -159.730    79.133
   45300  -159.376    73.022
   45400  -164.928    76.941
   45500  -164.505    76.556
   45600  -165.700    66.485
   45700  -159.686    71.661
   45800  -166.812    73.970
   45900  -161.616    66.071
   46000  -165.336    74.979
   46100  -160.082    66.349
   46200  -154.230    77.834
   46300  -165.747    75.962
   46400  -153.703    70.795
   46500  -158.710    68.433
   46600  -157.254    73.575
   46700  -151.571    72.648
   46800  -154.141    72.018
   46900  -163.855    68.033
   47000  -159.906    78.636
   47100  -162.723    77.819
   47200  -161.515    62.737
   47300  -168.464    78.001
   47400  -163.114    74.574
   47500  -163.668    72.117
   47600  -161.622    75.742
   47700  -158.137    78.821
   47800  -165.152    72.605
   47900  -165.604    78.159
   48000  -163.285    74.964
   48100  -153.387    74.119
   48200  -158.393    74.453
   48300  -160.274    68.541
   48400  -159.333    72.796
   48500  -160.313    79.620
   48600  -159.639    81.711
   48700  -165.835    78.333
   48800  -170.670    75.018
   48900  -157.172    73.111
   49000  -168.030    75.783
   49100  -160.943    81.504
   49200  -163.159    73.116
   49300  -165.971    75.054
   49400  -165.372    79.901
   49500  -163.818    71.746
   49600  -162.148    74.975
   49700  -160.208    65.124
   49800  -163.853    77.237
   49900  -161.352    77.007
