       0   -90.159   105.691
     100   -89.081   107.728
     200   -82.781   106.494
     300   -94.288   105.874
     400   -94.310   107.551
     500   -81.849   108.128
     600   -87.849   104.885
     700   -88.359   112.660
     800   -95.858   104.679
     900   -91.747   104.290
    1000   -85.800   106.636
    1100   -91.520   105.327
    1200   -94.555   107.561
    1300   -94.237   103.999
    1400   -87.658    95.407
    1500   -90.651   100.069
    1600   -86.318    99.772
    1700   -88.934   114.194
    1800   -91.955   101.433
    1900   -86.153   105.447
    2000   -80.815   108.014
    2100   -76.378   107.139
    2200   -81.921   103.708
    2300   -90.630   101.981
    2400   -90.365   109.928
    2500   -91.820   108.598
    2600   -84.277   103.180
    2700   -82.357   108.111
    2800   -92.460   100.997
    2900   -85.049   110.452
    3000   -82.927   103.377
    3100   -83.928   107.185
    3200   -92.124   103.921
    3300   -92.351   113.075
    3400   -84.458   102.995
    3500   -91.837   108.507
    3600   -94.332   102.566
    3700   -93.596    98.902
    3800   -91.745    97.244
    3900   -86.036    98.926
    4000   -86.241   104.857
    4100   -84.937   102.936
    4200   -83.388   102.605
    4300   -83.718   106.902
    4400   -84.604   104.382
    4500   -93.525   113.162
    4600   -77.097    96.231
    4700   -88.109   110.914
    4800   -90.159   101.887
    4900   -90.453   103.095
    5000   -86.871   105.046
    5100   -85.598   105.078
    5200   -86.731   110.310
    5300   -89.508   110.580
    5400   -89.132   102.727
    5500   -84.310    99.180
    5600   -92.155   104.828
    5700   -90.612   112.453
    5800   -89.597   109.513
    5900   -79.073   107.349
    6000   -84.428   102.572
    6100   -87.538   104.312
    6200   -86.223   112.854
    6300   -82.111   113.299
    6400   -82.080   108.901
    6500   -90.949   102.768
    6600   -83.761   109.001
    6700   -91.396   111.267
    6800   -82.061   109.238
    6900   -93.509   114.392
    7000   -84.627   107.119
    7100   -84.284   110.330
    7200   -90.064   108.607
    7300   -90.417   109.916
    7400   -98.482   104.681
    7500   -85.221   102.440
    7600   -94.270   113.562
    7700   -85.975   110.154
    7800   -82.968   112.306
    7900   -81.667   105.824
    8000   -87.751   111.843
    8100   -88.118   108.812
    8200   -88.366   101.197
    8300   -75.280   102.970
    8400   -85.264   112.233
    8500   -86.770   100.985
    8600   -98.474   102.869
    8700   -90.709   101.019
    8800   -79.015   106.356
    8900   -88.367   108.985
    9000   -88.832   108.024
    9100   -85.906   108.545
    9200   -85.797   105.081
    9300   -86.441   107.859
    9400   -90.429   112.350
    9500   -93.097   117.720
    9600   -85.779   102.360
    9700   -95.580   111.423
    9800   -90.833   106.811
    9900   -83.979   107.270
   10000   -89.667   110.345
   10100   -91.106   109.835
   10200   -89.461   105.912
   10300   -94.996   109.267
   10400   -87.479   107.012
   10500   -86.771   108.233
   10600   -92.358    93.435
   10700   -94.272    97.024
   10800   -95.980   104.026
   10900   -90.171   104.315
   11000   -91.900   104.783
   11100   -96.021   104.878
   11200   -91.840   110.477
   11300   -87.806   100.468
   11400   -91.938    99.385
   11500   -95.214    96.871
   11600   -82.430   110.717
   11700   -91.435   117.288
   11800   -96.477   111.683
   11900   -90.010   100.249
   12000   -87.934   105.051
   12100   -96.393   107.999
   12200   -83.206   107.670
   12300   -90.549    99.535
   12400   -85.681   106.471
   12500   -83.670   114.642
   12600   -99.722   109.361
   12700   -90.229   105.112
   12800   -92.549   102.969
   12900   -85.946   102.930
   13000   -91.892   107.505
   13100   -95.076   106.163
   13200   -80.190   102.508
   13300   -89.797   109.090
   13400   -94.876   118.170
   13500   -89.030   106.805
   13600   -84.289   102.186
   13700   -84.710   106.946
   13800   -77.546   106.769
   13900   -81.217   114.933
   14000   -89.699   109.699
   14100   -83.040   109.295
   14200   -86.531   112.111
   14300   -89.881   103.536
   14400   -90.737   107.683
   14500   -93.295   110.811
   14600   -84.503   101.184
   14700   -86.728   100.378
   14800   -94.360   100.987
   14900   -91.061   107.115
   15000   -82.755   106.855
   15100   -89.868   100.354
   15200   -88.005   105.979
   15300   -89.434   108.313
   15400   -90.652   105.326
   15500   -92.646   104.840
   15600   -87.919   103.337
   15700   -94.750   107.622
   15800   -86.862   113.531
   15900   -91.204   108.421
   16000   -85.588   110.871
   16100   -81.387   102.027
   16200   -90.564   106.981
   16300   -94.279   102.797
   16400   -89.249   112.346
   16500   -90.051   110.884
   16600   -92.307   112.872
   16700   -85.824   108.202
   16800   -90.301   105.119
   16900   -87.026   112.364
   17000   -92.724   107.782
   17100   -89.246   105.258
   17200   -87.356   111.083
   17300   -81.361   105.322
   17400   -93.201   106.591
   17500   -91.164   107.878
   17600   -87.965   106.890
   17700   -83.724   101.745
   17800   -87.173   108.237
   17900   -88.105   108.993
   18000   -82.307   104.355
   18100   -78.682   112.307
   18200   -86.604   114.611
   18300   -92.587   103.933
   18400   -88.051   100.849
   18500   -91.666   102.842
   18600   -88.919   103.637
   18700   -85.653   110.277
   18800   -89.132   103.638
   18900   -82.769   100.590
   19000   -90.781   106.515
   19100   -87.126   110.069
   19200   -91.077   107.646
   19300   -89.537   108.560
   19400   -95.217   103.738
   19500   -92.071   109.137
   19600   -80.219   107.982
   19700   -87.422   112.003
   19800   -86.480   100.766
   19900   -82.079   108.452
   20000   -86.551   105.408
   20100   -88.868   104.683
   20200   -88.187   104.306
   20300   -95.215   110.293
   20400   -86.910   110.428
   20500   -89.517   104.906
   20600   -92.524   112.608
   20700   -90.419   111.889
   20800   -78.606   109.115
   20900   -83.143   100.748
   21000   -91.854   112.339
   21100   -89.278   111.507
   21200   -92.201   106.190
   21300   -86.624   107.224
   21400   -84.413   105.135
   21500   -92.569   109.350
   21600   -84.613   101.093
   21700   -92.422   113.670
   21800   -86.635   101.074
   21900   -90.888   101.030
   22000   -87.640    96.723
   22100   -85.545    98.625
   22200   -93.642   110.387
   22300   -93.188   103.920
   22400   -82.396    93.106
   22500   -84.557   111.216
   22600   -77.069   111.973
   22700   -94.709   106.876
   22800   -86.088   107.322
   22900   -87.744   103.812
   23000   -95.674   109.653
   23100   -85.019   109.221
   23200   -89.856   107.645
   23300   -89.377   106.231
   23400   -90.463   110.039
   23500   -84.113   109.010
   23600   -89.260   112.951
   23700   -91.095    99.430
   23800   -83.970   108.206
   23900   -89.190   105.400
   24000   -83.971   101.897
   24100   -90.491   111.855
   24200   -92.276   108.384
   24300   -86.122   100.661
   24400   -83.271   107.360
   24500   -93.557   102.490
   24600   -90.775    95.235
   24700   -87.957   104.685
   24800   -91.004   107.124
   24900   -85.284   105.935
   25000   -89.465    94.465
   25100   -90.422   102.909
   25200   -86.921   108.139
   25300   -91.056   115.407
   25400   -89.886   101.058
   25500   -89.010   103.841
   25600   -87.260   107.698
   25700   -84.695   107.435
   25800   -79.859   109.524
   25900   -93.509   104.940
   26000   -91.399   100.871
   26100   -90.768   108.198
   26200   -94.546    99.565
   26300   -98.388   112.837
   26400   -85.669   103.611
   26500   -85.280   103.726
   26600   -88.985   107.074
   26700   -91.308   115.403
   26800   -87.554   102.387
   26900   -85.209   108.777
   27000   -89.023   103.112
   27100   -95.933   109.893
   27200   -83.444   105.064
   27300   -89.373   109.567
   27400   -91.228   110.819
   27500   -82.360   101.640
   27600   -91.994   103.012
   27700   -95.823   109.858
   27800   -87.804   103.689
   27900   -89.496   107.960
   28000   -81.344   101.484
   28100   -88.178   109.034
   28200   -87.292    95.374
   28300   -89.222   104.867
   28400   -86.815   112.560
   28500   -90.520    98.043
   28600   -88.161   106.093
   28700   -86.476   103.372
   28800   -84.244   106.551
   28900   -90.117   101.965
   29000   -91.790   109.028
   29100   -87.436   107.189
   29200   -86.981   109.931
   29300   -88.986   104.564
   29400   -84.737   111.163
   29500   -86.359   101.690
   29600   -85.523   109.172
   29700   -93.161   108.025
   29800   -88.470   100.991
   29900   -83.757   110.144
   30000   -89.119   109.326
   30100   -88.980   107.640
   30200   -83.880   111.204
   30300   -91.748   108.243
   30400   -87.126   105.750
   30500   -93.385   103.996
   30600   -84.720    99.218
   30700   -83.998   119.640
   30800   -88.568   104.369
   30900   -87.664   106.122
   31000   -92.488   113.914
   31100   -84.574   101.648
   31200   -82.844   106.207
   31300   -85.844   105.369
   31400   -90.731   102.966
   31500   -84.255   107.561
   31600   -86.450   104.275
   31700   -96.297   105.572
   31800   -83.846   113.416
   31900   -88.460   111.310
   32000   -86.145   110.613
   32100   -82.143   106.257
   32200   -95.343   106.970
   32300   -88.108   110.589
   32400   -85.113   106.951
   32500   -84.555   101.603
   32600   -86.208   111.239
   32700   -90.413   108.701
   32800   -93.003   110.790
   32900   -89.250   107.380
   33000   -87.681   111.754
   33100   -85.605   108.700
   33200   -83.867   112.969
   33300   -87.896   108.296
   33400   -80.623    97.831
   33500   -86.399   104.542
   33600   -83.174   103.337
   33700   -87.513   105.328
   33800   -88.499   108.424
   33900   -88.830   100.059
   34000   -88.059   106.262
   34100   -90.162   100.752
   34200   -89.281   109.172
   34300   -81.699   101.660
   34400   -82.968    94.611
   34500   -79.796   104.325
   34600   -83.626   106.350
   34700   -82.537   103.648
   34800   -92.299   116.914
   34900   -86.426   101.924
   35000   -90.290    99.346
   35100   -89.359   114.365
   35200   -88.465   110.667
   35300   -90.076   117.833
   35400   -84.044   105.013
   35500   -89.467   101.130
   35600   -86.286   105.360
   35700   -89.823   104.643
   35800   -83.065   111.607
   35900   -83.743   109.086
   36000   -87.538   110.441
   36100   -91.166   112.028
   36200   -83.073   100.123
   36300   -91.098   108.510
   36400   -90.826   104.659
   36500   -80.378   108.155
   36600   -83.306   103.986
   36700   -90.863   105.383
   36800   -95.782   111.015
   36900   -95.767   107.873
   37000   -88.561    99.904
   37100   -87.405   105.937
   37200   -84.749   107.637
   37300   -88.547   114.254
   37400   -88.717   101.187
   37500   -91.658   102.157
   37600   -81.759   102.392
   37700   -90.533   109.382
   37800   -93.012   102.793
   37900   -94.684   106.246
   38000   -86.192   110.750
   38100   -93.535   112.535
   38200   -87.962   111.020
   38300   -78.485   105.290
   38400   -86.921   114.396
   38500   -85.395   101.958
   38600   -94.041   105.651
   38700   -95.074   108.667
   38800   -88.394   108.965
   38900   -87.414   104.149
   39000   -94.458   105.743
   39100   -84.655   105.053
   39200   -81.786   102.863
   39300   -80.922   109.181
   39400   -77.517   100.957
   39500   -97.238   101.549
   39600  -100.367   104.118
   39700   -93.176   105.322
   39800   -88.381   109.480
   39900   -90.747   108.001
   40000  -102.342   104.379
   40100   -99.769    97.545
   40200   -91.086   106.395
   40300   -90.631   117.302
   40400   -93.062    95.523
   40500   -93.565   107.099
   40600   -92.631    98.084
   40700   -88.205   109.341
   40800   -92.840   112.646
   40900   -82.309   107.294
   41000   -87.910   104.085
   41100   -88.807   105.620
   41200   -88.954   109.492
   41300   -95.792    99.962
   41400   -87.399   108.377
   41500   -95.776    96.877
   41600   -83.633   104.768
   41700   -86.199   107.156
   41800   -91.740   109.260
   41900  -100.202   112.721
   42000   -92.786    99.305
   42100   -87.616    97.411
   42200   -87.404   111.614
   42300   -86.830   106.633
   42400   -93.266   104.218
   42500   -94.067   107.807
   42600   -88.870   104.083
   42700   -88.264   107.490
   42800   -81.052   108.740
   42900   -86.478   101.090
   43000   -87.184   105.274
   43100   -90.321   110.596
   43200   -92.079    99.580
   43300   -87.245    99.245
   43400   -93.899   104.133
   43500   -96.243   104.442
   43600   -88.376   103.925
   43700   -88.686   104.604
   43800   -83.396   110.325
   43900   -84.730   111.312
   44000   -88.004   100.879
   44100   -93.722   112.481
   44200   -85.013   102.786
   44300   -88.832   105.672
   44400   -86.049   104.295
   44500   -92.680   106.976
   44600   -81.144   109.737
   44700   -87.744   106.218
   44800   -82.191   114.353
   44900   -87.042   107.955
   45000   -90.275   105.443
   45100   -83.171   113.374
   45200   -91.986   108.208
   45300   -80.520    96.055
   45400   -91.782   102.189
   45500   -86.488   100.967
   45600   -84.964   106.639
   45700   -85.990   106.649
   45800   -86.283   117.076
   45900   -88.068   105.389
   46000   -90.461   101.913
   46100   -79.960   112.919
   46200   -89.676   102.522
   46300   -86.847   108.802
   46400   -84.452   109.619
   46500   -88.969    96.876
   46600   -93.778   103.171
   46700   -95.868   106.775
   46800   -85.262   104.339
   46900   -81.697   111.629
   47000   -78.718   115.473
   47100   -84.634   109.273
   47200   -99.318   107.036
   47300   -86.459   104.505
   47400   -88.118   103.807
   47500   -84.448   105.865
   47600   -86.904   103.022
   47700   -93.338   103.856
   47800   -93.961   102.904
   47900   -80.514   114.381
   48000   -87.937   104.882
   48100   -87.398   106.498
   48200   -87.504   108.695
   48300   -84.837   105.806
   48400   -90.942   111.311
   48500   -83.106   108.699
   48600   -85.318   107.142
   48700   -89.881   106.655
   48800   -89.883   106.542
   48900   -87.636   109.130
   49000   -75.902   114.872
   49100   -85.741   104.927
   49200   -83.351   105.343
   49300   -96.112   107.561
   49400   -80.770   108.400
   49500   -83.813   101.153
   49600   -86.842   112.234
   49700   -88.857   117.663
   49800   -89.431   107.158
   49900   -89.855   107.642
