       0  -159.653   116.384
     100  -161.640   123.921
     200  -161.918   118.446
     300  -155.272   113.813
     400  -164.286   115.171
     500  -171.375   124.945
     600  -163.224   127.715
     700  -160.372   124.875
     800  -161.650   121.274
     900  -161.068   118.954
    1000  -164.742   121.906
    1100  -162.610   128.560
    1200  -159.338   117.089
    1300  -158.641   123.169
    1400  -164.719   117.962
    1500  -159.767   122.325
    1600  -165.512   120.669
    1700  -159.025   118.399
    1800  -160.161   120.427
    1900  -165.969   123.000
    2000  -163.508   116.794
    2100  -174.264   117.014
    2200  -160.956   121.655
    2300  -162.780   115.473
    2400  -156.882   122.878
    2500  -158.743   119.015
    2600  -163.011   128.984
    2700  -159.796   120.766
    2800  -160.828   118.609
    2900  -167.105   120.570
    3000  -158.242   120.055
    3100  -161.391   126.730
    3200  -169.441   122.997
    3300  -162.387   121.315
    3400  -159.492   124.016
    3500  -163.539   116.448
    3600  -157.428   127.972
    3700  -159.336   131.309
    3800  -162.631   128.298
    3900  -155.138   116.570
    4000  -161.098   116.066
    4100  -163.834   122.657
    4200  -164.426   119.061
    4300  -167.560   118.557
    4400  -158.252   125.017
    4500  -164.168   121.444
    4600  -162.802   128.454
    4700  -166.193   128.387
    4800  -168.460   122.020
    4900  -163.292   118.450
    5000  -168.870   120.460
    5100  -164.725   120.685
    5200  -159.538   121.680
    5300  -154.808   120.301
    5400  -157.986   125.613
    5500  -166.685   122.434
    5600  -161.403   125.991
    5700  -155.048   123.157
    5800  -165.355   124.710
    5900  -166.056   124.698
    6000  -165.796   112.743
    6100  -165.653   125.965
    6200  -164.409   121.820
    6300  -164.879   124.230
    6400  -161.029   119.727
    6500  -161.932   123.860
    6600  -164.336   119.812
    6700  -164.130   123.548
    6800  -163.288   119.002
    6900  -168.932   124.052
    7000  -168.068   111.335
    7100  -162.123   123.124
    7200  -169.111   120.165
    7300  -165.641   121.475
    7400  -156.588   125.080
    7500  -161.370   121.944
    7600  -163.724   118.056
    7700  -165.113   117.710
    7800  -170.467   126.998
    7900  -155.549   122.800
    8000  -167.451   124.008
    8100  -164.449   129.739
    8200  -161.960   124.288
    8300  -159.048   127.843
    8400  -157.697   123.414
    8500  -158.863   126.043
    8600  -166.533   127.834
    8700  -157.642   115.154
    8800  -157.867   122.883
    8900  -166.143   122.808
    9000  -161.720   127.783
    9100  -171.193   120.598
    9200  -161.744   120.411
    9300  -161.677   121.013
    9400  -163.656   122.027
    9500  -164.358   125.638
    9600  -169.402   113.355
    9700  -169.106   123.014
    9800  -165.615   119.396
    9900  -165.527   113.440
   10000  -159.290   118.372
   10100  -165.418   117.845
   10200  -165.868   122.042
   10300  -159.822   122.797
   10400  -163.261   117.711
   10500  -157.266   124.196
   10600  -162.074   128.514
   10700  -156.953   124.286
   10800  -162.345   123.399
   10900  -163.927   123.388
   11000  -165.569   123.853
   11100  -158.843   117.887
   11200  -169.290   127.827
   11300  -155.240   118.376
   11400  -161.973   118.619
   11500  -162.994   118.420
   11600  -164.205   122.803
   11700  -157.990   121.432
   11800  -161.944   122.276
   11900  -160.208   117.650
   12000  -168.479   114.524
   12100  -162.100   127.481
   12200  -161.304   123.995
   12300  -168.959   119.634
   12400  -160.121   122.786
   12500  -165.607   122.647
   12600  -161.936   120.696
   12700  -169.080   120.399
   12800  -168.041   120.576
   12900  -160.417   116.251
   13000  -156.931   129.700
   13100  -162.606   124.164
   13200  -160.000   124.886
   13300  -164.937   123.984
   13400  -162.423   120.827
   13500  -163.977   118.756
   13600  -160.755   121.295
   13700  -165.785   125.062
   13800  -165.564   124.703
   13900  -163.164   127.813
   14000  -173.084   119.886
   14100  -161.090   130.641
   14200  -168.427   125.559
   14300  -159.688   122.757
   14400  -165.987   109.602
   14500  -161.731   117.285
   14600  -153.507   122.254
   14700  -154.794   123.050
   14800  -159.440   125.065
   14900  -164.448   128.292
   15000  -165.613   119.300
   15100  -162.615   117.244
   15200  -166.610   128.705
   15300  -160.882   114.371
   15400  -159.528   115.811
   15500  -154.136   118.534
   15600  -158.507   121.236
   15700  -156.981   123.002
   15800  -161.725   114.584
   15900  -163.815   123.294
   16000  -161.687   121.672
   16100  -161.107   122.190
   16200  -162.216   123.705
   16300  -158.787   126.364
   16400  -159.993   131.233
   16500  -153.391   116.287
   16600  -163.617   124.396
   16700  -159.747   123.484
   16800  -158.170   122.089
   16900  -164.056   119.151
   17000  -161.606   126.621
   17100  -158.118   123.325
   17200  -150.084   127.676
   17300  -159.200   122.065
   17400  -161.542   125.314
   17500  -162.733   120.260
   17600  -152.709   119.196
   17700  -162.196   123.257
   17800  -164.925   117.117
   17900  -166.938   120.477
   18000  -162.977   123.193
   18100  -164.736   119.114
   18200  -167.980   123.884
   18300  -160.385   124.315
   18400  -164.091   121.328
   18500  -174.803   128.982
   18600  -162.585   114.762
   18700  -159.677   120.428
   18800  -172.913   119.735
   18900  -167.600   120.318
   19000  -157.064   120.361
   19100  -158.459   116.923
   19200  -171.547   116.436
   19300  -168.139   121.208
   19400  -164.333   125.471
   19500  -165.023   118.288
   19600  -154.762   124.707
   19700  -163.376   123.602
   19800  -165.182   123.559
   19900  -161.780   110.241
   20000  -160.305   118.472
   20100  -163.617   122.166
   20200  -164.626   119.055
   20300  -160.134   125.110
   20400  -159.028   113.209
   20500  -166.497   113.509
   20600  -168.387   121.027
   20700  -158.572   111.128
   20800  -158.817   118.325
   20900  -161.054   121.753
   21000  -167.948   119.686
   21100  -166.163   127.270
   21200  -164.217   128.278
   21300  -165.308   123.811
   21400  -162.511   122.221
   21500  -161.415   120.709
   21600  -159.367   124.817
   21700  -158.940   125.626
   21800  -160.459   121.621
   21900  -163.268   124.747
   22000  -163.020   129.825
   22100  -164.359   129.061
   22200  -153.713   127.769
   22300  -162.299   121.664
   22400  -165.319   116.611
   22500  -168.198   122.503
   22600  -167.007   126.194
   22700  -172.841   119.574
   22800  -167.856   107.371
   22900  -169.823   115.403
   23000  -163.507   115.969
   23100  -164.877   116.298
   23200  -158.996   122.350
   23300  -163.614   125.362
   23400  -152.789   114.662
   23500  -157.805   126.715
   23600  -169.071   130.630
   23700  -164.404   125.573
   23800  -163.593   124.334
   23900  -161.970   120.014
   24000  -156.722   123.233
   24100  -164.028   115.546
   24200  -157.299   123.152
   24300  -167.676   115.831
   24400  -167.031   127.646
   24500  -160.256   124.591
   24600  -154.591   116.110
   24700  -156.504   125.711
   24800  -163.148   121.475
   24900  -168.137   126.284
   25000  -168.263   119.395
   25100  -164.864   128.309
   25200  -159.338   118.897
   25300  -161.298   119.802
   25400  -164.562   118.404
   25500  -163.375   113.312
   25600  -164.506   125.169
   25700  -152.291   130.609
   25800  -164.957   122.136
   25900  -159.467   118.158
   26000  -158.413   121.423
   26100  -159.535   118.889
   26200  -163.923   122.740
   26300  -157.598   127.399
   26400  -158.958   129.179
   26500  -163.653   119.420
   26600  -163.975   116.141
   26700  -163.503   115.049
   26800  -164.554   115.441
   26900  -164.812   113.393
   27000  -160.824   130.543
   27100  -157.259   116.610
   27200  -158.943   130.280
   27300  -163.169   128.831
   27400  -155.745   122.668
   27500  -167.711   124.901
   27600  -163.800   133.286
   27700  -160.611   116.726
   27800  -161.758   127.591
   27900  -164.457   122.346
   28000  -172.545   127.993
   28100  -157.428   113.170
   28200  -155.507   119.627
   28300  -166.164   122.335
   28400  -162.936   114.334
   28500  -163.545   119.810
   28600  -160.343   121.457
   28700  -168.494   125.092
   28800  -158.098   131.276
   28900  -159.094   120.345
   29000  -164.360   122.493
   29100  -170.387   121.485
   29200  -154.554   122.329
   29300  -166.256   126.404
   29400  -170.003   121.049
   29500  -167.663   118.952
   29600  -162.569   119.637
   29700  -159.384   120.192
   29800  -169.986   122.788
   29900  -157.364   120.921
   30000  -166.003   118.052
   30100  -171.114   126.948
   30200  -166.093   121.229
   30300  -162.331   123.868
   30400  -158.585   125.973
   30500  -167.524   130.211
   30600  -168.731   124.111
   30700  -166.146   114.375
   30800  -160.347   125.197
   30900  -167.596   121.442
   31000  -165.160   120.814
   31100  -158.281   124.932
   31200  -159.136   119.770
   31300  -163.496   127.523
   31400  -160.259   128.445
   31500  -166.108   123.927
   31600  -163.092   125.853
   31700  -168.826   126.249
   31800  -168.586   127.643
   31900  -164.223   120.599
   32000  -162.855   128.557
   32100  -167.504   116.293
   32200  -162.652   120.336
   32300  -158.426   128.349
   32400  -162.359   126.542
   32500  -161.767   123.444
   32600  -151.681   111.009
   32700  -168.920   121.849
   32800  -170.888   125.965
   32900  -167.879   124.332
   33000  -157.736   119.942
   33100  -158.381   116.064
   33200  -158.462   116.561
   33300  -162.092   115.668
   33400  -165.726   117.612
   33500  -168.162   123.922
   33600  -167.627   120.621
   33700  -155.735   124.889
   33800  -167.956   118.570
   33900  -168.764   125.168
   34000  -158.963   115.042
   34100  -159.750   117.017
   34200  -167.442   119.775
   34300  -164.361   115.395
   34400  -162.641   121.428
   34500  -169.392   126.125
   34600  -163.750   118.214
   34700  -166.579   119.941
   34800  -152.521   119.957
   34900  -163.466   124.385
   35000  -163.316   128.953
   35100  -165.804   123.157
   35200  -166.348   120.801
   35300  -155.478   123.318
   35400  -162.377   126.056
   35500  -157.229   115.111
   35600  -161.750   116.666
   35700  -165.814   126.816
   35800  -161.176   117.666
   35900  -162.538   117.808
   36000  -155.220   128.784
   36100  -159.598   121.990
   36200  -156.261   120.312
   36300  -170.395   118.457
   36400  -166.810   119.167
   36500  -162.035   125.459
   36600  -168.749   119.888
   36700  -163.912   122.437
   36800  -165.329   117.218
   36900  -161.611   124.817
   37000  -158.461   123.732
   37100  -160.237   121.451
   37200  -164.530   120.137
   37300  -165.145   118.081
   37400  -162.207   118.156
   37500  -156.029   115.365
   37600  -161.870   122.387
   37700  -161.149   122.671
   37800  -160.498   125.556
   37900  -167.748   117.025
   38000  -158.442   127.531
   38100  -164.052   126.017
   38200  -156.736   119.549
   38300  -162.746   115.509
   38400  -158.085   119.702
   38500  -164.893   112.956
   38600  -157.448   115.750
   38700  -160.290   118.346
   38800  -167.233   118.846
   38900  -161.136   125.530
   39000  -176.105   114.639
   39100  -158.439   114.231
   39200  -159.478   125.282
   39300  -159.072   117.976
   39400  -162.186   114.760
   39500  -157.849   124.857
   39600  -165.607   119.120
   39700  -159.518   121.798
   39800  -160.299   116.105
   39900  -158.008   121.702
   40000  -165.731   117.046
   40100  -161.192   120.666
   40200  -160.195   122.518
   40300  -164.109   120.432
   40400  -164.578   117.226
   40500  -165.079   128.591
   40600  -163.202   117.714
   40700  -165.193   119.615
   40800  -160.320   120.719
   40900  -164.875   120.927
   41000  -159.182   119.469
   41100  -161.432   123.637
   41200  -163.438   121.759
   41300  -160.697   117.906
   41400  -169.300   124.449
   41500  -162.360   120.471
   41600  -156.039   125.990
   41700  -165.298   115.223
   41800  -166.810   128.485
   41900  -160.622   127.151
   42000  -159.460   121.869
   42100  -163.208   130.624
   42200  -163.183   130.033
   42300  -163.079   118.574
   42400  -162.309   123.332
   42500  -163.628   126.408
   42600  -168.439   119.583
   42700  -158.165   118.187
   42800  -160.809   116.135
   42900  -165.462   111.140
   43000  -163.085   114.210
   43100  -162.622   122.393
   43200  -173.433   123.584
   43300  -165.145   117.312
   43400  -165.501   115.750
   43500  -156.873   123.661
   43600  -162.270   123.149
   43700  -167.898   124.582
   43800  -162.684   120.876
   43900  -160.191   116.464
   44000  -165.941   117.880
   44100  -162.706   123.084
   44200  -154.963   121.052
   44300  -161.358   125.202
   44400  -169.020   119.602
   44500  -162.766   120.249
   44600  -159.168   125.313
   44700  -159.450   125.726
   44800  -155.027   120.683
   44900  -163.166   121.099
   45000  -163.220   125.346
   45100  -160.551   129.868
   45200  -155.361   121.466
   45300  -160.016   121.715
   45400  -158.767   117.883
   45500  -163.472   120.674
   45600  -168.964   130.400
   45700  -164.366   127.016
   45800  -158.484   119.027
   45900  -155.454   117.858
   46000  -157.927   121.803
   46100  -170.678   121.924
   46200  -159.901   124.586
   46300  -165.965   127.045
   46400  -158.520   122.798
   46500  -162.827   118.816
   46600  -158.841   123.162
   46700  -155.149   115.375
   46800  -163.630   118.091
   46900  -171.110   122.503
   47000  -164.309   123.720
   47100  -157.978   124.357
   47200  -162.549   122.423
   47300  -161.886   129.415
   47400  -164.496   123.085
   47500  -170.451   121.753
   47600  -165.234   119.355
   47700  -171.132   123.518
   47800  -166.637   122.975
   47900  -169.110   122.749
   48000  -150.846   125.097
   48100  -159.239   119.679
   48200  -173.171   119.939
   48300  -160.212   116.338
   48400  -162.128   127.711
   48500  -166.911   119.228
   48600  -166.120   118.899
   48700  -162.046   118.956
   48800  -161.375   111.926
   48900  -167.450   117.978
   49000  -157.754   111.390
   49100  -164.198   126.290
   49200  -166.460   123.998
   49300  -164.569   117.967
   49400  -162.028   109.115
   49500  -162.947   125.513
   49600  -165.597   119.470
   49700  -160.439   122.253
   49800  -156.174   121.076
   49900  -165.324   125.236
