       0  -137.650    23.898
     100  -135.107    37.592
     200  -141.222    34.894
     300  -135.224    28.928
     400  -128.884    28.546
     500  -131.108    26.787
     600  -137.418    30.711
     700  -146.584    31.789
     800  -139.333    32.977
     900  -134.468    23.872
    1000  -133.330    22.005
    1100  -132.435    21.061
    1200  -135.113    22.952
    1300  -127.807    24.291
    1400  -129.252    24.580
    1500  -129.025    28.438
    1600  -141.045    32.316
    1700  -138.550    30.282
    1800  -134.409    36.617
    1900  -132.143    34.959
    2000  -135.199    31.290
    2100  -134.968    26.689
    2200  -136.305    28.009
    2300  -133.882    26.423
    2400  -139.179    27.381
    2500  -133.037    25.530
    2600  -130.994    25.755
    2700  -136.674    24.826
    2800  -129.706    23.662
    2900  -134.046    25.997
    3000  -124.945    28.505
    3100  -124.287    29.633
    3200  -132.267    30.418
    3300  -133.564    35.618
    3400  -133.171    30.327
    3500  -127.658    25.370
    3600  -134.896    26.190
    3700  -127.404    37.945
    3800  -136.064    28.906
    3900  -143.350    21.201
    4000  -133.699    34.088
    4100  -139.198    30.625
    4200  -138.851    32.384
    4300  -139.023    32.289
    4400  -140.601    29.775
    4500  -135.197    30.265
    4600  -136.390    37.369
    4700  -135.438    28.971
    4800  -138.162    37.069
    4900  -136.329    27.881
    5000  -137.673    32.900
    5100  -143.453    29.494
    5200  -138.127    26.146
    5300  -136.642    27.703
    5400  -137.475    28.085
    5500  -134.382    36.806
    5600  -133.539    28.020
    5700  -128.329    28.386
    5800  -128.901    34.098
    5900  -134.922    27.976
    6000  -133.938    34.820
    6100  -136.310    27.902
    6200  -130.536    27.157
    6300  -132.457    26.858
    6400  -133.880    27.833
    6500  -135.629    31.556
    6600  -139.421    24.157
    6700  -132.301    27.798
    6800  -130.913    34.160
    6900  -135.094    31.607
    7000  -139.088    28.050
    7100  -128.615    31.940
    7200  -139.776    30.860
    7300  -139.354    24.223
    7400  -137.562    30.084
    7500  -143.995    25.310
    7600  -141.886    28.028
    7700  -141.347    21.977
    7800  -135.796    24.071
    7900  -140.513    27.035
    8000  -140.180    27.197
    8100  -138.231    37.478
    8200  -135.138    29.494
    8300  -136.717    26.757
    8400  -133.790    35.424
    8500  -144.310    18.617
    8600  -137.585    28.170
    8700  -134.006    28.416
    8800  -133.727    32.528
    8900  -143.396    26.501
    9000  -143.218    35.600
    9100  -143.261    25.357
    9200  -134.559    28.923
    9300  -136.496    24.216
    9400  -135.859    25.400
    9500  -130.541    17.345
    9600  -137.651    30.379
    9700  -136.410    26.398
    9800  -138.454    26.275
    9900  -134.270    23.258
   10000  -133.270    27.953
   10100  -127.294    34.293
   10200  -139.996    35.195
   10300  -141.346    29.964
   10400  -141.634    26.207
   10500  -131.632    28.228
   10600  -136.116    28.699
   10700  -131.583    33.623
   10800  -137.002    29.130
   10900  -130.990    30.949
   11000  -140.079    33.951
   11100  -136.121    33.552
   11200  -134.716    31.377
   11300  -140.725    31.845
   11400  -130.862    26.927
   11500  -136.267    27.284
   11600  -125.943    31.742
   11700  -140.190    31.178
   11800  -136.618    26.942
   11900  -130.409    31.096
   12000  -143.141    26.699
   12100  -132.471    29.429
   12200  -129.331    30.935
   12300  -138.325    32.558
   12400  -123.912    26.593
   12500  -131.591    28.427
   12600  -135.421    28.904
   12700  -131.008    28.472
   12800  -132.421    32.026
   12900  -141.614    34.603
   13000  -129.251    35.753
   13100  -134.623    31.939
   13200  -130.153    30.049
   13300  -135.280    27.118
   13400  -134.309    25.442
   13500  -135.653    25.628
   13600  -133.589    24.276
   13700  -135.850    27.347
   13800  -130.152    33.986
   13900  -137.773    39.610
   14000  -146.179    34.141
   14100  -132.422    41.168
   14200  -131.428    26.542
   14300  -137.387    28.119
   14400  -130.320    33.347
   14500  -139.611    31.528
   14600  -135.502    28.462
   14700  -134.747    29.251
   14800  -133.208    23.598
   14900  -132.026    30.106
   15000  -136.559    33.287
   15100  -141.241    33.245
   15200  -142.314    28.923
   15300  -136.625    36.601
   15400  -136.509    30.914
   15500  -138.068    21.547
   15600  -131.830    28.063
   15700  -142.733    26.185
   15800  -143.953    29.251
   15900  -140.423    29.290
   16000  -136.329    26.798
   16100  -140.922    19.619
   16200  -132.588    26.990
   16300  -134.673    27.453
   16400  -134.599    29.223
   16500  -138.525    27.743
   16600  -140.736    23.802
   16700  -129.335    25.801
   16800  -134.082    29.157
   16900  -133.496    27.516
   17000  -130.317    30.365
   17100  -136.187    22.661
   17200  -129.193    29.285
   17300  -135.405    26.324
   17400  -140.039    26.217
   17500  -131.444    28.846
   17600  -134.179    21.675
   17700  -132.100    27.221
   17800  -135.662    24.601
   17900  -133.456    31.520
   18000  -132.199    24.404
   18100  -128.013    26.708
   18200  -129.459    23.977
   18300  -133.109    26.215
   18400  -128.605    28.808
   18500  -131.104    32.272
   18600  -134.139    26.026
   18700  -147.386    22.843
   18800  -139.184    27.113
   18900  -144.144    31.935
   19000  -134.690    32.641
   19100  -140.081    27.418
   19200  -135.343    28.506
   19300  -141.493    29.399
   19400  -135.672    26.640
   19500  -137.372    24.766
   19600  -125.164    27.942
   19700  -137.014    29.877
   19800  -137.551    32.451
   19900  -137.869    37.361
   20000  -128.007    30.749
   20100  -133.935    30.443
   20200  -127.347    40.816
   20300  -133.539    25.364
   20400  -138.281    32.099
   20500  -134.865    26.510
   20600  -138.271    36.719
   20700  -138.747    37.114
   20800  -135.627    32.813
   20900  -137.733    25.733
   21000  -139.192    24.655
   21100  -131.878    24.318
   21200  -136.289    19.503
   21300  -133.903    26.765
   21400  -140.965    32.316
   21500  -139.418    24.127
   21600  -135.082    25.008
   21700  -139.113    27.240
   21800  -136.958    29.253
   21900  -137.732    27.627
   22000  -132.860    27.335
   22100  -133.635    28.907
   22200  -140.604    25.591
   22300  -136.332    30.143
   22400  -139.206    29.905
   22500  -133.943    31.883
   22600  -141.313    33.105
   22700  -140.416    22.903
   22800  -137.511    25.556
   22900  -135.845    33.777
   23000  -131.538    27.059
   23100  -135.793    31.682
   23200  -128.167    29.953
   23300  -137.619    22.841
   23400  -130.930    33.866
   23500  -130.738    32.926
   23600  -141.227    22.369
   23700  -139.696    32.661
   23800  -138.027    28.262
   23900  -132.919    27.004
   24000  -132.396    30.230
   24100  -130.160    22.577
   24200  -136.571    21.790
   24300  -136.267    33.540
   24400  -137.161    22.429
   24500  -132.329    38.572
   24600  -134.614    28.982
   24700  -130.295    22.031
   24800  -138.010    21.489
   24900  -126.731    26.080
   25000  -124.154    37.540
   25100  -137.743    23.139
   25200  -133.666    28.144
   25300  -132.028    26.395
   25400  -137.260    29.560
   25500  -131.398    33.174
   25600  -140.889    36.533
   25700  -139.225    26.272
   25800  -134.298    22.228
   25900  -131.821    24.888
   26000  -132.746    29.515
   26100  -144.809    23.799
   26200  -140.756    25.000
   26300  -129.599    33.861
   26400  -135.915    27.261
   26500  -129.251    30.267
   26600  -130.430    29.802
   26700  -135.205    22.184
   26800  -137.566    27.843
   26900  -131.968    26.309
   27000  -132.157    28.495
   27100  -126.247    26.768
   27200  -122.603    20.322
   27300  -138.186    24.097
   27400  -130.975    28.611
   27500  -131.551    28.549
   27600  -139.239    29.137
   27700  -137.487    28.422
   27800  -138.763    30.925
   27900  -132.112    30.537
   28000  -137.829    31.467
   28100  -135.212    27.165
   28200  -139.897    33.312
   28300  -132.314    26.877
   28400  -136.086    27.876
   28500  -131.829    31.066
   28600  -129.073    29.609
   28700  -135.665    27.413
   28800  -132.876    31.901
   28900  -134.374    28.673
   29000  -130.901    28.767
   29100  -125.665    25.735
   29200  -130.120    34.609
   29300  -128.458    31.472
   29400  -130.486    34.001
   29500  -135.418    31.682
   29600  -143.751    26.692
   29700  -139.036    25.118
   29800  -143.848    33.856
   29900  -134.968    28.830
   30000  -129.246    34.780
   30100  -139.431    33.024
   30200  -138.652    33.480
   30300  -132.993    23.564
   30400  -125.380    25.743
   30500  -136.001    24.367
   30600  -134.785    31.165
   30700  -139.592    23.987
   30800  -123.510    28.875
   30900  -135.877    22.990
   31000  -140.616    20.191
   31100  -136.527    34.974
   31200  -141.673    28.474
   31300  -132.382    34.478
   31400  -131.531    31.633
   31500  -140.249    23.613
   31600  -136.429    34.551
   31700  -139.338    36.020
   31800  -128.983    32.385
   31900  -140.672    30.913
   32000  -138.571    25.295
   32100  -137.414    28.851
   32200  -131.137    24.465
   32300  -137.788    26.561
   32400  -138.043    24.793
   32500  -138.080    30.310
   32600  -129.791    28.621
   32700  -140.966    28.010
   32800  -140.882    35.418
   32900  -134.554    31.671
   33000  -134.673    31.852
   33100  -136.117    27.425
   33200  -143.037    28.983
   33300  -136.945    36.904
   33400  -136.495    32.986
   33500  -134.756    33.189
   33600  -131.006    27.542
   33700  -136.122    29.427
   33800  -139.069    31.183
   33900  -139.514    35.776
   34000  -134.034    31.442
   34100  -138.426    28.583
   34200  -131.078    20.132
   34300  -137.009    28.003
   34400  -135.711    30.573
   34500  -137.565    32.189
   34600  -129.490    30.152
   34700  -128.796    23.743
   34800  -139.408    25.622
   34900  -129.985    26.427
   35000  -132.680    26.995
   35100  -138.503    24.252
   35200  -136.508    20.916
   35300  -132.720    30.888
   35400  -133.532    28.895
   35500  -134.707    28.970
   35600  -133.254    14.755
   35700  -135.199    21.272
   35800  -140.232    26.548
   35900  -141.715    23.386
   36000  -137.145    28.869
   36100  -138.972    41.522
   36200  -135.741    39.174
   36300  -133.427    32.713
   36400  -130.933    36.647
   36500  -132.216    35.278
   36600  -134.589    28.022
   36700  -136.813    29.171
   36800  -134.447    30.996
   36900  -134.273    30.395
   37000  -133.852    25.186
   37100  -132.567    29.152
   37200  -138.448    22.292
   37300  -135.547    25.970
   37400  -137.954    33.901
   37500  -131.044    32.561
   37600  -134.040    28.044
   37700  -136.504    23.402
   37800  -139.343    25.041
   37900  -125.863    30.206
   38000  -140.952    21.260
   38100  -130.606    27.464
   38200  -133.597    32.769
   38300  -138.917    29.859
   38400  -135.275    25.451
   38500  -139.064    28.734
   38600  -130.819    24.713
   38700  -142.599    32.216
   38800  -135.102    16.840
   38900  -129.306    22.799
   39000  -135.552    24.978
   39100  -141.836    26.192
   39200  -135.328    25.651
   39300  -135.639    22.331
   39400  -141.766    24.078
   39500  -138.329    28.544
   39600  -124.040    29.496
   39700  -126.456    27.113
   39800  -137.665    22.084
   39900  -132.632    32.440
   40000  -133.702    26.235
   40100  -132.207    27.408
   40200  -141.204    30.370
   40300  -129.043    26.901
   40400  -136.196    32.544
   40500  -132.414    30.255
   40600  -130.621    33.757
   40700  -129.904    32.505
   40800  -136.733    26.581
   40900  -141.578    15.408
   41000  -129.674    17.516
   41100  -124.032    22.363
   41200  -133.115    27.658
   41300  -135.844    27.775
   41400  -137.030    26.158
   41500  -134.680    28.720
   41600  -136.254    29.709
   41700  -138.874    27.471
   41800  -128.257    29.797
   41900  -137.367    28.547
   42000  -138.028    32.880
   42100  -130.421    29.546
   42200  -136.674    36.783
   42300  -128.770    32.349
   42400  -138.544    30.691
   42500  -141.606    34.118
   42600  -137.427    32.407
   42700  -135.008    25.601
   42800  -131.164    27.610
   42900  -131.883    31.682
   43000  -131.475    29.742
   43100  -136.262    28.850
   43200  -137.088    32.203
   43300  -132.044    28.484
   43400  -139.268    20.118
   43500  -131.094    31.695
   43600  -130.751    36.236
   43700  -138.811    29.726
   43800  -136.637    35.742
   43900  -132.278    33.917
   44000  -136.725    34.421
   44100  -126.394    31.147
   44200  -133.794    27.442
   44300  -134.297    21.677
   44400  -134.345    34.671
   44500  -139.512    23.969
   44600  -133.984    22.924
   44700  -131.274    24.841
   44800  -133.383    23.810
   44900  -138.155    29.721
   45000  -135.565    33.163
   45100  -132.722    21.188
   45200  -137.800    19.187
   45300  -136.074    19.120
   45400  -136.066    33.508
   45500  -144.785    32.067
   45600  -136.180    24.973
   45700  -134.144    23.352
   45800  -139.337    29.255
   45900  -137.975    33.757
   46000  -132.850    30.927
   46100  -128.641    29.836
   46200  -129.272    29.707
   46300  -137.841    30.720
   46400  -136.987    24.627
   46500  -134.159    23.052
   46600  -135.601    28.381
   46700  -130.787    29.668
   46800  -138.582    37.154
   46900  -133.590    27.096
   47000  -132.072    39.875
   47100  -141.095    26.696
   47200  -133.975    25.735
   47300  -132.562    32.555
   47400  -131.535    40.697
   47500  -134.362    27.355
   47600  -131.721    28.935
   47700  -134.697    31.709
   47800  -130.528    33.622
   47900  -132.578    33.449
   48000  -136.775    40.373
   48100  -130.587    27.872
   48200  -132.682    25.803
   48300  -128.697    36.330
   48400  -136.467    28.512
   48500  -133.417    25.789
   48600  -134.091    24.270
   48700  -133.222    29.729
   48800  -135.418    27.416
   48900  -132.355    30.632
   49000  -134.619    34.411
   49100  -127.417    33.020
   49200  -138.485    25.856
   49300  -137.995    31.258
   49400  -130.931    28.771
   49500  -126.303    28.847
   49600  -135.653    29.662
   49700  -130.738    35.582
   49800  -135.463    27.788
   49900  -133.581    25.840
