       0  -137.166   115.766
     100  -135.755    99.515
     200  -133.139   104.422
     300  -141.652    99.398
     400  -139.461   106.738
     500  -142.982   106.181
     600  -127.611   100.200
     700  -131.626   110.648
     800  -130.118   107.951
     900  -132.905   111.513
    1000  -139.195   110.018
    1100  -139.974   105.993
    1200  -151.400   100.135
    1300  -139.073   104.733
    1400  -141.995   117.723
    1500  -134.227   108.870
    1600  -135.317   101.152
    1700  -128.338   104.061
    1800  -140.758   106.583
    1900  -142.772   102.105
    2000  -133.835   108.132
    2100  -144.626    98.216
    2200  -134.633   103.878
    2300  -131.583   105.156
    2400  -137.331   109.618
    2500  -139.587   111.702
    2600  -141.607   103.819
    2700  -134.572    99.190
    2800  -134.402    98.463
    2900  -136.806   110.301
    3000  -141.067   101.391
    3100  -132.267   111.287
    3200  -133.751   109.263
    3300  -140.879   113.358
    3400  -143.770   109.146
    3500  -138.465   107.119
    3600  -140.690   108.136
    3700  -142.711   119.266
    3800  -141.716   104.754
    3900  -134.398   114.695
    4000  -131.924   106.643
    4100  -138.118   108.180
    4200  -128.811   108.892
    4300  -127.092   114.548
    4400  -128.104   107.313
    4500  -123.964   102.238
    4600  -132.841    99.318
    4700  -131.440   104.198
    4800  -138.124   107.104
    4900  -138.079   103.282
    5000  -134.975   116.844
    5100  -131.389   106.878
    5200  -137.447   108.922
    5300  -136.662   107.811
    5400  -137.338   110.698
    5500  -133.275   107.614
    5600  -139.847   110.213
    5700  -137.813   101.266
    5800  -140.681   106.637
    5900  -137.800   102.083
    6000  -138.517   109.687
    6100  -142.804   103.068
    6200  -139.848   110.726
    6300  -137.362   107.806
    6400  -131.694   105.187
    6500  -137.910   101.550
    6600  -136.767   103.691
    6700  -135.617   102.683
    6800  -136.665   105.507
    6900  -138.878    95.557
    7000  -131.410   103.957
    7100  -137.110   104.499
    7200  -136.589   102.271
    7300  -135.319   108.187
    7400  -135.713   105.654
    7500  -129.903   108.623
    7600  -133.842   102.715
    7700  -140.999   104.790
    7800  -130.443   107.438
    7900  -133.406   106.979
    8000  -135.932   110.633
    8100  -139.321   101.887
    8200  -139.423    96.981
    8300  -134.046   105.114
    8400  -130.331   106.247
    8500  -129.837   108.974
    8600  -132.441   113.647
    8700  -141.177   107.804
    8800  -133.838   106.553
    8900  -141.338   103.484
    9000  -127.921   103.593
    9100  -127.605   109.885
    9200  -129.517   110.924
    9300  -137.947   100.433
    9400  -131.523   108.287
    9500  -137.858   109.182
    9600  -129.495    95.757
    9700  -134.161   109.152
    9800  -134.949   108.278
    9900  -134.843   108.688
   10000  -134.251   107.964
   10100  -138.072   106.894
   10200  -128.967   105.673
   10300  -137.134   109.685
   10400  -138.768   109.241
   10500  -139.342   112.508
   10600  -131.264   100.851
   10700  -133.702   113.342
   10800  -139.756   114.131
   10900  -136.839   104.303
   11000  -135.044   110.823
   11100  -129.132   103.916
   11200  -132.141   112.044
   11300  -136.743   110.855
   11400  -134.116   107.527
   11500  -127.010   107.137
   11600  -137.137   111.302
   11700  -133.492   114.082
   11800  -132.382   106.426
   11900  -136.685   108.932
   12000  -131.284   103.288
   12100  -133.916   101.524
   12200  -133.762   113.673
   12300  -133.693   105.460
   12400  -134.354   107.135
   12500  -139.788   107.558
   12600  -139.021   105.970
   12700  -128.221   110.629
   12800  -130.389   113.229
   12900  -143.440   104.566
   13000  -137.706    99.631
   13100  -131.526   109.946
   13200  -135.151    92.499
   13300  -141.565   109.700
   13400  -138.253   103.494
   13500  -141.915   104.104
   13600  -136.399   112.209
   13700  -138.176    97.645
   13800  -132.129   110.731
   13900  -134.656   111.335
   14000  -136.704   108.028
   14100  -134.939   108.721
   14200  -148.517   109.176
   14300  -141.502   102.322
   14400  -139.630   104.633
   14500  -133.618   106.540
   14600  -134.384   110.521
   14700  -137.298   108.940
   14800  -133.901   109.452
   14900  -131.464   102.343
   15000  -131.632   106.688
   15100  -140.538   112.986
   15200  -142.461   106.045
   15300  -134.116   108.874
   15400  -137.163   106.814
   15500  -135.128   108.653
   15600  -128.866   106.583
   15700  -136.320   104.236
   15800  -138.581   108.181
   15900  -132.992   106.538
   16000  -130.958   109.686
   16100  -133.479   104.463
   16200  -138.489   108.971
   16300  -137.585   102.713
   16400  -140.014   101.794
   16500  -134.814   101.233
   16600  -129.318    96.420
   16700  -133.843   109.114
   16800  -133.538   103.252
   16900  -136.568   100.327
   17000  -136.735   103.669
   17100  -133.419   115.558
   17200  -144.148   112.452
   17300  -141.128   103.024
   17400  -128.510   112.405
   17500  -136.308   117.959
   17600  -131.526    99.985
   17700  -130.850   105.513
   17800  -137.597   105.051
   17900  -132.386   108.636
   18000  -131.247   108.869
   18100  -135.782   109.733
   18200  -137.125   109.803
   18300  -134.809   109.836
   18400  -131.320   107.266
   18500  -131.381   105.400
   18600  -143.759   110.451
   18700  -139.438   108.088
   18800  -143.409   110.565
   18900  -138.793   101.361
   19000  -132.748   103.334
   19100  -129.347   109.136
   19200  -142.775   117.028
   19300  -143.312   108.108
   19400  -138.788   101.171
   19500  -138.111   103.532
   19600  -132.738   113.930
   19700  -132.516   108.929
   19800  -138.190   104.565
   19900  -129.946   104.321
   20000  -135.303   103.229
   20100  -137.126   103.933
   20200  -130.148   105.332
   20300  -131.844   113.513
   20400  -146.588   107.561
   20500  -133.532   105.851
   20600  -135.461   105.200
   20700  -142.574   106.877
   20800  -132.469   104.177
   20900  -142.934   109.714
   21000  -132.854   104.873
   21100  -129.915   105.306
   21200  -141.214   104.545
   21300  -136.451   105.250
   21400  -131.365   104.004
   21500  -138.436   110.837
   21600  -136.321   107.616
   21700  -130.525   109.139
   21800  -130.964   111.317
   21900  -139.045   103.698
   22000  -129.670   111.983
   22100  -131.768   109.911
   22200  -135.722   107.540
   22300  -130.709   100.719
   22400  -132.407   106.142
   22500  -139.278   123.004
   22600  -142.856   112.354
   22700  -133.424   108.897
   22800  -134.475   109.905
   22900  -135.926   106.041
   23000  -135.688   103.234
   23100  -128.855   104.831
   23200  -138.401   103.989
   23300  -136.037   105.405
   23400  -129.648   116.857
   23500  -134.553    99.137
   23600  -136.385   105.761
   23700  -134.247    98.876
   23800  -125.982   103.160
   23900  -131.057   110.863
   24000  -139.160   105.761
   24100  -136.329   104.485
   24200  -133.127   113.381
   24300  -138.938    98.950
   24400  -140.381   103.345
   24500  -134.263   103.409
   24600  -133.845   110.144
   24700  -135.894   105.718
   24800  -130.738   102.571
   24900  -127.435   105.532
   25000  -131.955   113.248
   25100  -143.457   108.921
   25200  -131.554   107.512
   25300  -133.670   104.107
   25400  -134.863   108.596
   25500  -133.113   114.120
   25600  -128.750   105.537
   25700  -137.246   104.269
   25800  -133.245   107.468
   25900  -132.079   106.879
   26000  -136.638    97.890
   26100  -135.488   102.194
   26200  -144.351   110.151
   26300  -132.156    97.911
   26400  -133.595   106.049
   26500  -129.382   117.277
   26600  -128.022   103.650
   26700  -132.976   106.777
   26800  -134.301   106.114
   26900  -141.567   105.676
   27000  -130.567   110.742
   27100  -129.842   106.122
   27200  -139.485   108.962
   27300  -128.874   108.271
   27400  -135.358   111.577
   27500  -138.169   102.938
   27600  -136.367   108.004
   27700  -134.445    97.702
   27800  -139.635   108.852
   27900  -137.279   106.514
   28000  -136.873    99.352
   28100  -132.289   106.231
   28200  -135.116   112.265
   28300  -138.074   103.461
   28400  -128.485    99.545
   28500  -137.281   107.996
   28600  -132.035   103.384
   28700  -136.000   107.444
   28800  -141.078   112.131
   28900  -143.050    95.539
   29000  -143.878   113.226
   29100  -136.506   107.358
   29200  -141.324   109.971
   29300  -134.362    94.927
   29400  -129.568   110.433
   29500  -131.794   103.079
   29600  -139.274   112.900
   29700  -137.414   103.145
   29800  -142.372   107.302
   29900  -132.698   102.500
   30000  -141.384   110.863
   30100  -129.913   105.433
   30200  -131.226   117.307
   30300  -131.729   111.541
   30400  -136.897   105.422
   30500  -127.245   107.103
   30600  -130.452   102.609
   30700  -134.972   107.659
   30800  -134.354   103.600
   30900  -135.993   103.359
   31000  -133.167   104.794
   31100  -132.003   105.440
   31200  -135.306   105.608
   31300  -145.120   109.500
   31400  -133.773   108.933
   31500  -132.177   103.409
   31600  -135.761   106.800
   31700  -133.883   114.883
   31800  -132.903   105.187
   31900  -134.558   108.664
   32000  -132.260   111.181
   32100  -137.624   106.648
   32200  -132.958   110.587
   32300  -138.854   111.271
   32400  -130.723   102.487
   32500  -129.579   102.356
   32600  -129.289   107.677
   32700  -135.815   112.735
   32800  -133.496   110.251
   32900  -142.542   107.586
   33000  -136.590   113.279
   33100  -137.746   111.690
   33200  -137.446   107.728
   33300  -134.153   110.695
   33400  -137.863   106.212
   33500  -132.060   104.320
   33600  -134.468   101.032
   33700  -138.988   108.515
   33800  -139.510    95.053
   33900  -145.787    96.601
   34000  -138.900   107.338
   34100  -125.898    96.720
   34200  -134.224   110.873
   34300  -139.305   106.559
   34400  -137.479    95.242
   34500  -132.676   105.513
   34600  -141.892   107.894
   34700  -136.158   107.154
   34800  -128.759   104.719
   34900  -130.356   109.579
   35000  -139.733   105.123
   35100  -137.652   111.556
   35200  -137.641   113.047
   35300  -134.501   108.354
   35400  -126.403   104.683
   35500  -124.933   103.983
   35600  -139.382   107.011
   35700  -133.964   102.423
   35800  -140.626   113.651
   35900  -135.442    99.982
   36000  -137.118    99.015
   36100  -127.213   105.929
   36200  -140.312   100.196
   36300  -143.421   109.214
   36400  -144.752   104.244
   36500  -130.345   108.040
   36600  -139.719   107.822
   36700  -139.951   105.315
   36800  -149.840   101.102
   36900  -135.629   103.439
   37000  -126.887   108.362
   37100  -129.239   105.319
   37200  -144.466   101.204
   37300  -135.454   106.189
   37400  -130.348    99.633
   37500  -136.078   106.586
   37600  -138.260   108.005
   37700  -140.420   106.055
   37800  -138.504    97.424
   37900  -139.321   114.543
   38000  -135.564   112.437
   38100  -131.070    95.928
   38200  -142.070   106.426
   38300  -127.841   108.265
   38400  -137.949   109.083
   38500  -136.476   109.614
   38600  -134.381   101.453
   38700  -136.297   108.224
   38800  -127.428   104.449
   38900  -136.378   110.549
   39000  -143.612   116.271
   39100  -139.877   102.625
   39200  -134.024   108.632
   39300  -140.082   104.329
   39400  -140.289   102.920
   39500  -136.551   108.634
   39600  -136.944   110.503
   39700  -137.844   103.975
   39800  -134.363    96.156
   39900  -137.220   105.896
   40000  -135.928   101.970
   40100  -136.514   105.041
   40200  -133.178   102.850
   40300  -133.628    96.492
   40400  -143.733   103.660
   40500  -143.233   112.747
   40600  -137.321    98.290
   40700  -133.016   105.983
   40800  -137.424   114.806
   40900  -135.707   106.739
   41000  -134.242   116.946
   41100  -128.834   100.325
   41200  -132.947   106.334
   41300  -128.660   100.914
   41400  -134.739   101.263
   41500  -135.619   109.965
   41600  -134.187   110.608
   41700  -137.101   111.349
   41800  -142.359   102.431
   41900  -136.296   101.828
   42000  -135.304   110.698
   42100  -137.748   107.776
   42200  -140.310   110.697
   42300  -128.846   105.515
   42400  -134.768   108.327
   42500  -139.458    98.898
   42600  -141.872   109.368
   42700  -137.918   108.219
   42800  -129.225   102.380
   42900  -140.865   111.472
   43000  -135.728   110.507
   43100  -128.512   105.148
   43200  -137.319   103.054
   43300  -134.356   111.465
   43400  -135.669   100.237
   43500  -143.316   106.053
   43600  -131.304   108.712
   43700  -133.193   101.063
   43800  -132.567   102.569
   43900  -136.067   107.891
   44000  -133.439   108.524
   44100  -135.102   102.671
   44200  -134.584   111.522
   44300  -131.095   100.016
   44400  -139.399   109.866
   44500  -132.171   102.662
   44600  -143.639   108.127
   44700  -140.692   114.110
   44800  -138.541   108.403
   44900  -136.864   105.389
   45000  -132.842   103.172
   45100  -139.455   103.983
   45200  -132.807   109.088
   45300  -133.623   110.717
   45400  -128.823   105.872
   45500  -136.861   106.652
   45600  -144.946   119.910
   45700  -139.742   103.994
   45800  -131.839   104.435
   45900  -129.832   102.207
   46000  -141.005   111.440
   46100  -138.288   105.125
   46200  -124.930   103.496
   46300  -137.485   107.492
   46400  -133.592   109.509
   46500  -129.530   109.541
   46600  -136.593   103.340
   46700  -135.251   113.964
   46800  -140.271   113.602
   46900  -140.535   109.376
   47000  -133.300   106.608
   47100  -135.068   108.430
   47200  -136.590   107.434
   47300  -135.907   111.142
   47400  -139.189   105.013
   47500  -130.236   108.970
   47600  -124.947   108.419
   47700  -127.624   117.134
   47800  -134.279   109.697
   47900  -137.369   109.328
   48000  -142.048   101.779
   48100  -131.548   107.607
   48200  -135.897    98.411
   48300  -135.627   106.417
   48400  -140.319   109.860
   48500  -133.808   102.445
   48600  -135.238   106.495
   48700  -138.981   104.581
   48800  -139.354   102.255
   48900  -135.796   111.738
   49000  -128.761   107.260
   49100  -137.592   109.233
   49200  -142.773   108.080
   49300  -143.885   110.453
   49400  -133.087   114.002
   49500  -136.503   108.811
   49600  -135.010   106.110
   49700  -135.208   103.913
   49800  -146.564   110.674
   49900  -136.005    97.359
