       0  -161.339    85.826
     100  -158.142    99.481
     200  -169.121    85.453
     300  -159.145    96.218
     400  -160.886    84.015
     500  -166.029    89.232
     600  -161.962    93.542
     700  -161.025    94.309
     800  -160.833    89.118
     900  -156.868    85.347
    1000  -167.890    97.929
    1100  -155.932    93.970
    1200  -163.083    88.296
    1300  -164.175    90.698
    1400  -159.867    92.597
    1500  -166.512    88.639
    1600  -162.598    88.279
    1700  -158.687    87.280
    1800  -166.770    92.792
    1900  -162.250    96.022
    2000  -167.972    91.073
    2100  -161.410    99.009
    2200  -169.275    95.763
    2300  -161.788    88.556
    2400  -163.512    96.098
    2500  -158.993    87.408
    2600  -162.880    86.982
    2700  -160.647    87.551
    2800  -161.480    98.011
    2900  -162.528    90.746
    3000  -166.378    90.126
    3100  -164.975    93.375
    3200  -158.524    98.346
    3300  -167.812    91.722
    3400  -161.121    94.074
    3500  -160.499    90.159
    3600  -165.634    92.244
    3700  -170.038    91.743
    3800  -159.888    89.886
    3900  -163.441    90.506
    4000  -167.554    90.097
    4100  -163.892    99.258
    4200  -167.249    89.015
    4300  -161.298    91.263
    4400  -162.067    85.913
    4500  -157.127    90.956
    4600  -162.160    84.204
    4700  -167.770    88.696
    4800  -157.945    78.691
    4900  -163.698    90.806
    5000  -171.680    97.002
    5100  -161.689    93.214
    5200  -154.803    93.389
    5300  -163.418    93.458
    5400  -166.721    94.001
    5500  -169.386    92.018
    5600  -174.788    87.343
    5700  -164.120    89.297
    5800  -160.436    86.448
    5900  -165.140    91.114
    6000  -167.290    88.021
    6100  -171.333    85.626
    6200  -159.912    89.664
    6300  -167.712    96.762
    6400  -162.314    86.505
    6500  -165.336    87.737
    6600  -160.786    87.707
    6700  -168.416    95.239
    6800  -165.899    94.238
    6900  -162.794    89.539
    7000  -161.636    86.765
    7100  -161.634    93.620
    7200  -165.043   101.233
    7300  -155.742    83.160
    7400  -152.790    90.372
    7500  -170.491    96.732
    7600  -167.094    90.379
    7700  -162.435    88.338
    7800  -161.306    89.996
    7900  -159.122    96.374
    8000  -169.521    94.197
    8100  -168.594    94.877
    8200  -169.177    87.381
    8300  -157.689    87.365
    8400  -157.536    96.771
    8500  -164.062    91.084
    8600  -161.066    86.750
    8700  -160.251    82.260
    8800  -159.496    91.885
    8900  -160.465    87.712
    9000  -157.052    95.802
    9100  -163.784    86.563
    9200  -162.595    90.950
    9300  -158.803    97.177
    9400  -164.990    92.254
    9500  -166.182    90.970
    9600  -165.976    90.122
    9700  -158.501    94.894
    9800  -163.550    83.357
    9900  -164.306    85.657
   10000  -163.855    93.039
   10100  -166.316    88.243
   10200  -163.919    92.267
   10300  -164.923    93.876
   10400  -161.597    85.329
   10500  -151.819    93.539
   10600  -162.395    84.645
   10700  -162.188    92.053
   10800  -162.226    83.976
   10900  -164.513    96.409
   11000  -164.969   100.193
   11100  -164.267    86.696
   11200  -169.319    86.917
   11300  -168.549    92.245
   11400  -160.583    96.073
   11500  -158.674    86.487
   11600  -167.861    85.000
   11700  -171.780    91.202
   11800  -166.332    88.053
   11900  -164.877    97.909
   12000  -157.921    91.287
   12100  -158.527    95.337
   12200  -161.481    99.562
   12300  -167.495    94.808
   12400  -167.404    90.452
   12500  -161.624    97.659
   12600  -164.280    87.517
   12700  -160.349    86.541
   12800  -163.191    92.190
   12900  -161.512    88.587
   13000  -163.786    95.163
   13100  -167.524    95.018
   13200  -165.843    89.304
   13300  -160.652    86.836
   13400  -163.625    95.000
   13500  -161.903    91.394
   13600  -156.688    98.637
   13700  -163.619    97.902
   13800  -160.034    82.218
   13900  -163.058    86.587
   14000  -161.673    89.611
   14100  -165.018    88.053
   14200  -160.793    91.402
   14300  -161.010    90.251
   14400  -168.778    92.657
   14500  -165.415    96.687
   14600  -165.326    95.438
   14700  -151.059    99.602
   14800  -160.661    96.582
   14900  -164.770    88.810
   15000  -155.646    93.520
   15100  -158.723    90.361
   15200  -162.960    95.915
   15300  -172.825    93.758
   15400  -165.456    95.421
   15500  -153.789    90.512
   15600  -157.872    94.548
   15700  -165.330    94.136
   15800  -161.938    95.556
   15900  -166.392    84.940
   16000  -168.288    96.846
   16100  -158.507    83.434
   16200  -156.086    92.600
   16300  -162.808    93.207
   16400  -161.553    88.339
   16500  -162.741    89.369
   16600  -163.577    84.676
   16700  -162.313    86.940
   16800  -158.239    89.880
   16900  -161.581    88.759
   17000  -158.962    88.630
   17100  -166.882    86.000
   17200  -164.086    89.565
   17300  -162.902    88.158
   17400  -163.155    94.442
   17500  -160.358    96.387
   17600  -160.545    92.544
   17700  -157.543    90.401
   17800  -156.730    92.766
   17900  -162.272    83.419
   18000  -167.164    95.255
   18100  -161.152    89.344
   18200  -165.974    91.143
   18300  -164.290    96.231
   18400  -162.293    88.502
   18500  -161.554    85.665
   18600  -158.225    84.523
   18700  -166.641    80.251
   18800  -165.894    90.343
   18900  -165.834    88.442
   19000  -161.970    85.442
   19100  -167.748    93.070
   19200  -162.813    85.096
   19300  -164.468    93.752
   19400  -164.222    82.701
   19500  -161.587    86.949
   19600  -153.310    79.418
   19700  -165.936    99.374
   19800  -163.110    89.377
   19900  -158.973    82.940
   20000  -158.070    85.646
   20100  -166.503    88.153
   20200  -166.529    96.121
   20300  -165.815    85.493
   20400  -165.520    85.860
   20500  -157.326    96.297
   20600  -160.684    94.977
   20700  -168.999    86.016
   20800  -169.849    86.198
   20900  -159.695    88.471
   21000  -163.600    89.127
   21100  -162.792    93.576
   21200  -160.415    88.895
   21300  -157.645    81.966
   21400  -161.141    86.904
   21500  -161.232    90.957
   21600  -159.510    90.361
   21700  -160.770    91.626
   21800  -167.199    95.161
   21900  -161.107    94.710
   22000  -160.809    92.742
   22100  -155.431    96.555
   22200  -160.142    86.292
   22300  -161.248    90.598
   22400  -164.307    85.671
   22500  -166.298    97.621
   22600  -162.430   103.559
   22700  -162.340    98.070
   22800  -159.472    80.208
   22900  -163.866    93.379
   23000  -171.536    85.251
   23100  -159.194    84.162
   23200  -154.519    83.151
   23300  -162.758    96.955
   23400  -159.643    86.215
   23500  -160.793   102.842
   23600  -159.421    96.909
   23700  -159.536    93.720
   23800  -161.691    84.201
   23900  -164.538    83.752
   24000  -161.194    87.737
   24100  -160.957    87.506
   24200  -159.033    82.538
   24300  -164.598    96.337
   24400  -161.665    82.283
   24500  -163.153    93.298
   24600  -165.642    91.992
   24700  -162.961    98.173
   24800  -160.697    91.345
   24900  -161.721    93.764
   25000  -162.926    89.665
   25100  -159.899    90.580
   25200  -166.507    91.695
   25300  -160.107    95.813
   25400  -158.768    89.440
   25500  -156.874    84.680
   25600  -157.916    89.019
   25700  -163.476    91.515
   25800  -161.831    82.276
   25900  -158.985    84.642
   26000  -157.356    91.382
   26100  -157.047    92.571
   26200  -161.520    90.713
   26300  -162.121    92.036
   26400  -172.406    92.504
   26500  -168.294   100.788
   26600  -170.396    84.383
   26700  -152.766    89.452
   26800  -155.140    96.231
   26900  -163.105    94.004
   27000  -163.141    81.901
   27100  -165.658    95.923
   27200  -163.586    89.501
   27300  -160.864    85.622
   27400  -161.312    90.779
   27500  -165.297    97.206
   27600  -162.459    90.223
   27700  -158.252    92.587
   27800  -157.879    91.511
   27900  -160.967    88.827
   28000  -168.481    92.345
   28100  -169.216    93.079
   28200  -166.357    93.565
   28300  -164.221    85.860
   28400  -157.498    83.150
   28500  -158.784    92.373
   28600  -160.312    99.469
   28700  -163.870    87.519
   28800  -161.067    93.103
   28900  -164.807    89.132
   29000  -160.381    88.639
   29100  -151.730    90.701
   29200  -160.120    83.569
   29300  -163.008    98.218
   29400  -149.235    93.110
   29500  -161.863    91.638
   29600  -165.687    99.070
   29700  -159.501    91.175
   29800  -157.800    90.206
   29900  -163.477    91.854
   30000  -164.797    87.998
   30100  -161.173    91.722
   30200  -168.880    79.885
   30300  -159.089    98.654
   30400  -164.524    89.814
   30500  -161.274    87.210
   30600  -167.333    92.945
   30700  -161.578    88.413
   30800  -158.793    87.228
   30900  -166.402    95.377
   31000  -160.455    81.753
   31100  -153.559    92.089
   31200  -159.061    97.940
   31300  -160.609    96.795
   31400  -166.190    93.413
   31500  -171.901    86.916
   31600  -158.776    99.344
   31700  -158.558    85.943
   31800  -153.257    86.334
   31900  -163.572    80.866
   32000  -167.129    87.407
   32100  -162.674    94.207
   32200  -166.298    91.508
   32300  -167.704    99.665
   32400  -163.751    92.922
   32500  -158.611    87.857
   32600  -160.695    84.356
   32700  -162.064    88.011
   32800  -163.270    88.527
   32900  -161.497    89.931
   33000  -161.675    90.118
   33100  -168.483    91.723
   33200  -160.221    85.183
   33300  -168.310    84.250
   33400  -161.173    91.647
   33500  -160.706    85.501
   33600  -170.699    87.037
   33700  -170.788    87.268
   33800  -159.508    88.141
   33900  -162.350    90.193
   34000  -166.283    86.230
   34100  -162.417    90.684
   34200  -159.146    86.286
   34300  -166.220    84.086
   34400  -161.538    93.270
   34500  -163.379    89.630
   34600  -160.541    82.990
   34700  -163.980   101.779
   34800  -159.555    95.113
   34900  -160.059    97.075
   35000  -160.269    89.489
   35100  -164.486    92.811
   35200  -166.265    90.591
   35300  -163.827   100.597
   35400  -160.125    85.984
   35500  -164.133    92.865
   35600  -161.241    90.009
   35700  -158.511    89.836
   35800  -168.047    90.480
   35900  -170.153    96.635
   36000  -160.789    97.772
   36100  -164.536    88.084
   36200  -161.120    91.733
   36300  -163.134    83.166
   36400  -162.740    93.915
   36500  -169.994    88.836
   36600  -164.400    96.651
   36700  -160.835    94.164
   36800  -163.739    86.447
   36900  -163.429    92.695
   37000  -156.148    89.604
   37100  -164.395    85.028
   37200  -162.437    91.562
   37300  -165.439    82.320
   37400  -165.198    88.681
   37500  -159.681    90.413
   37600  -155.562    81.258
   37700  -156.479    87.815
   37800  -158.862    92.408
   37900  -161.626    83.446
   38000  -161.133    91.065
   38100  -171.099    89.092
   38200  -174.690    89.766
   38300  -165.943    89.204
   38400  -164.833    90.588
   38500  -167.192    97.219
   38600  -167.423    87.930
   38700  -170.265    98.750
   38800  -154.895    87.113
   38900  -163.460    93.094
   39000  -157.818    89.856
   39100  -161.275    94.371
   39200  -160.479    82.724
   39300  -161.528    90.755
   39400  -171.342    93.684
   39500  -160.538    94.278
   39600  -165.305    88.618
   39700  -161.488   101.133
   39800  -162.488    89.739
   39900  -155.253    92.256
   40000  -156.195    90.119
   40100  -158.009    90.357
   40200  -166.894    98.897
   40300  -165.248    92.375
   40400  -156.005    94.007
   40500  -165.973    92.415
   40600  -162.260    89.445
   40700  -163.512    89.965
   40800  -160.426    86.535
   40900  -158.843    88.219
   41000  -160.540    84.963
   41100  -161.202    93.302
   41200  -159.717    96.514
   41300  -163.178    83.129
   41400  -163.020    90.423
   41500  -168.580    89.333
   41600  -161.872    87.126
   41700  -164.784    83.747
   41800  -164.148    88.686
   41900  -163.125    88.544
   42000  -156.237    87.792
   42100  -162.646    93.711
   42200  -163.058    80.486
   42300  -160.101    98.049
   42400  -156.338    95.326
   42500  -163.475    94.735
   42600  -164.493    91.140
   42700  -160.983    91.818
   42800  -160.868    87.894
   42900  -165.090    86.295
   43000  -165.302    90.335
   43100  -158.217    88.298
   43200  -158.317    87.518
   43300  -165.123    93.602
   43400  -162.630    96.010
   43500  -159.654    94.202
   43600  -172.390    97.512
   43700  -159.478    88.681
   43800  -161.002    91.362
   43900  -165.524    97.031
   44000  -161.289    84.840
   44100  -156.292    86.890
   44200  -161.180    90.332
   44300  -161.595    93.643
   44400  -166.574    90.907
   44500  -167.730    93.074
   44600  -158.763    94.394
   44700  -169.506    87.855
   44800  -162.448    90.995
   44900  -160.066    84.577
   45000  -154.822    92.767
   45100  -159.841    89.429
   45200  -162.165    89.743
   45300  -163.431    87.819
   45400  -156.211    86.615
   45500  -166.131    91.227
   45600  -161.889    89.199
   45700  -160.489    96.880
   45800  -167.249    95.582
   45900  -161.818    93.722
   46000  -152.085   100.931
   46100  -160.859    90.515
   46200  -161.516    91.927
   46300  -159.766    94.280
   46400  -162.607    90.633
   46500  -158.801    87.688
   46600  -171.645    99.714
   46700  -166.232    91.426
   46800  -163.804    88.985
   46900  -162.095    88.634
   47000  -156.464    81.566
   47100  -157.678    91.893
   47200  -159.490    91.246
   47300  -158.482    89.430
   47400  -166.729    91.775
   47500  -160.631    88.422
   47600  -158.972    92.388
   47700  -163.037    87.438
   47800  -155.960    88.029
   47900  -154.138    89.643
   48000  -162.624    87.114
   48100  -168.581    93.069
   48200  -165.780    88.307
   48300  -164.334    89.716
   48400  -162.794    93.636
   48500  -161.554    86.003
   48600  -164.265    90.432
   48700  -165.521    89.280
   48800  -161.856    93.538
   48900  -153.580    85.481
   49000  -160.636    92.631
   49100  -166.832   100.604
   49200  -165.430    92.418
   49300  -162.886    96.156
   49400  -167.643    92.968
   49500  -162.673    93.978
   49600  -160.131    87.922
   49700  -153.111    92.185
   49800  -158.174    90.979
   49900  -162.121    95.649
