       0   -77.948    32.250
     100   -71.610    24.846
     200   -80.499    25.659
     300   -78.225    25.868
     400   -73.505    31.669
     500   -77.309    35.051
     600   -75.931    29.402
     700   -75.809    29.816
     800   -79.115    33.166
     900   -77.236    21.620
    1000   -76.284    22.037
    1100   -72.775    31.798
    1200   -78.858    29.524
    1300   -75.313    27.804
    1400   -73.660    30.137
    1500   -73.564    25.823
    1600   -72.581    27.150
    1700   -75.284    26.395
    1800   -71.598    18.771
    1900   -75.613    35.334
    2000   -66.372    27.731
    2100   -73.079    21.352
    2200   -80.689    31.646
    2300   -72.135    28.801
    2400   -71.797    36.302
    2500   -79.148    24.156
    2600   -84.066    28.099
    2700   -74.312    24.026
    2800   -70.914    33.097
    2900   -79.388    29.695
    3000   -75.785    25.050
    3100   -71.980    31.536
    3200   -79.022    25.556
    3300   -71.719    21.361
    3400   -73.422    20.639
    3500   -76.918    27.864
    3600   -79.956    31.432
    3700   -83.827    25.871
    3800   -80.968    34.586
    3900   -76.607    26.846
    4000   -79.442    28.592
    4100   -79.847    32.976
    4200   -74.093    29.550
    4300   -81.325    35.140
    4400   -74.434    21.471
    4500   -73.378    29.192
    4600   -77.224    33.686
    4700   -72.182    30.874
    4800   -75.091    33.413
    4900   -73.048    26.044
    5000   -78.180    33.571
    5100   -70.985    24.296
    5200   -76.095    33.127
    5300   -74.838    22.913
    5400   -82.129    31.669
    5500   -78.952    21.823
    5600   -84.858    34.251
    5700   -69.144    31.037
    5800   -75.286    29.922
    5900   -83.187    33.388
    6000   -75.314    28.209
    6100   -76.577    25.278
    6200   -77.234    32.562
    6300   -75.486    32.571
    6400   -78.068    33.500
    6500   -87.893    27.297
    6600   -80.101    31.017
    6700   -75.934    37.605
    6800   -73.385    32.432
    6900   -74.882    33.444
    7000   -71.359    21.783
    7100   -66.193    29.706
    7200   -66.982    29.847
    7300   -71.086    30.929
    7400   -72.479    29.808
    7500   -70.326    26.877
    7600   -74.462    33.560
    7700   -67.299    26.919
    7800   -71.494    38.548
    7900   -78.481    28.092
    8000   -73.082    31.721
    8100   -73.410    34.187
    8200   -73.239    26.288
    8300   -71.682    23.764
    8400   -73.812    28.675
    8500   -76.748    28.172
    8600   -74.577    21.403
    8700   -75.734    28.506
    8800   -77.351    26.312
    8900   -67.367    29.737
    9000   -71.922    24.130
    9100   -68.219    24.708
    9200   -74.168    27.742
    9300   -78.438    29.347
    9400   -80.304    31.673
    9500   -79.515    34.682
    9600   -75.974    29.012
    9700   -76.231    27.195
    9800   -75.267    25.088
    9900   -82.614    29.933
   10000   -73.584    27.058
   10100   -78.683    14.753
   10200   -84.314    34.856
   10300   -75.399    22.830
   10400   -75.149    35.915
   10500   -72.001    33.337
   10600   -67.556    32.865
   10700   -82.050    27.368
   10800   -74.292    30.944
   10900   -80.585    30.124
   11000   -83.104    28.496
   11100   -79.240    24.622
   11200   -79.801    22.603
   11300   -75.546    29.333
   11400   -75.563    30.395
   11500   -70.438    19.740
   11600   -80.320    30.912
   11700   -72.997    26.154
   11800   -76.674    29.347
   11900   -83.528    32.024
   12000   -74.329    25.320
   12100   -80.875    34.806
   12200   -75.539    28.594
   12300   -71.020    29.484
   12400   -81.803    21.885
   12500   -76.453    16.153
   12600   -75.766    35.640
   12700   -78.329    23.274
   12800   -81.892    33.067
   12900   -77.053    31.754
   13000   -73.405    34.334
   13100   -79.202    32.216
   13200   -79.047    30.776
   13300   -75.915    30.492
   13400   -70.733    25.957
   13500   -71.829    26.636
   13600   -77.969    30.893
   13700   -68.632    20.191
   13800   -75.327    30.115
   13900   -70.290    23.417
   14000   -79.928    31.631
   14100   -74.642    30.694
   14200   -82.024    26.890
   14300   -75.855    27.989
   14400   -79.951    33.023
   14500   -79.639    34.004
   14600   -66.959    26.940
   14700   -84.319    24.931
   14800   -77.025    26.503
   14900   -78.347    27.099
   15000   -76.333    25.763
   15100   -80.681    18.656
   15200   -75.829    24.454
   15300   -74.694    27.651
   15400   -74.825    20.519
   15500   -78.065    35.035
   15600   -73.625    34.514
   15700   -80.974    30.469
   15800   -70.789    35.344
   15900   -79.517    27.690
   16000   -80.754    22.339
   16100   -79.589    26.987
   16200   -77.793    22.773
   16300   -78.498    21.630
   16400   -72.834    26.457
   16500   -74.397    18.450
   16600   -76.485    32.648
   16700   -72.392    27.397
   16800   -73.918    26.546
   16900   -72.679    27.218
   17000   -77.752    20.025
   17100   -77.654    26.270
   17200   -68.820    24.663
   17300   -77.025    25.198
   17400   -78.423    25.096
   17500   -72.508    31.525
   17600   -82.085    34.362
   17700   -70.178    29.309
   17800   -80.229    33.531
   17900   -76.592    30.180
   18000   -84.808    30.423
   18100   -67.765    33.640
   18200   -73.626    25.474
   18300   -79.745    27.246
   18400   -73.295    28.536
   18500   -73.343    21.453
   18600   -80.366    20.080
   18700   -75.587    17.618
   18800   -73.846    24.695
   18900   -82.623    35.625
   19000   -76.904    20.615
   19100   -69.896    37.894
   19200   -80.822    33.551
   19300   -77.096    29.734
   19400   -88.039    18.299
   19500   -79.866    22.428
   19600   -72.355    28.418
   19700   -67.810    32.052
   19800   -76.266    31.956
   19900   -72.498    25.121
   20000   -73.715    19.716
   20100   -66.620    26.744
   20200   -74.644    31.576
   20300   -89.700    27.757
   20400   -77.352    35.633
   20500   -78.514    33.374
   20600   -71.851    32.470
   20700   -72.001    28.570
   20800   -88.263    27.603
   20900   -72.666    24.124
   21000   -77.117    29.276
   21100   -73.395    24.798
   21200   -77.776    25.424
   21300   -75.489    33.192
   21400   -75.119    31.095
   21500   -77.370    33.624
   21600   -71.635    32.794
   21700   -80.311    29.115
   21800   -71.588    20.507
   21900   -74.213    29.680
   22000   -79.735    27.885
   22100   -74.832    29.579
   22200   -68.369    27.692
   22300   -80.395    25.226
   22400   -76.343    28.485
   22500   -73.834    33.640
   22600   -79.283    24.966
   22700   -70.032    25.039
   22800   -71.238    27.990
   22900   -75.183    33.822
   23000   -74.503    32.839
   23100   -75.734    27.892
   23200   -79.600    25.486
   23300   -78.120    26.170
   23400   -70.692    23.579
   23500   -77.264    29.887
   23600   -82.960    34.308
   23700   -77.117    37.712
   23800   -72.510    32.333
   23900   -77.777    27.333
   24000   -76.292    32.573
   24100   -72.433    30.828
   24200   -80.123    32.293
   24300   -75.054    15.379
   24400   -76.552    21.567
   24500   -74.275    21.612
   24600   -76.016    34.181
   24700   -70.086    20.773
   24800   -80.566    30.069
   24900   -83.351    22.026
   25000   -80.363    26.609
   25100   -70.866    24.481
   25200   -80.003    31.369
   25300   -81.175    28.110
   25400   -69.758    21.707
   25500   -75.758    31.169
   25600   -74.228    37.107
   25700   -75.957    37.352
   25800   -77.901    30.001
   25900   -74.229    29.063
   26000   -74.051    24.363
   26100   -73.716    32.331
   26200   -72.062    28.557
   26300   -78.448    32.911
   26400   -83.223    30.098
   26500   -75.783    20.937
   26600   -80.534    24.567
   26700   -79.870    27.294
   26800   -82.298    36.907
   26900   -82.668    30.518
   27000   -70.395    27.551
   27100   -74.557    36.645
   27200   -72.741    29.874
   27300   -74.129    30.727
   27400   -73.377    35.443
   27500   -73.232    27.786
   27600   -76.914    38.811
   27700   -79.219    30.323
   27800   -73.169    32.950
   27900   -85.151    32.265
   28000   -80.314    35.709
   28100   -78.476    27.935
   28200   -82.286    27.183
   28300   -80.913    29.004
   28400   -77.153    31.077
   28500   -75.649    29.477
   28600   -72.483    34.989
   28700   -70.096    29.558
   28800   -65.347    32.170
   28900   -73.829    31.802
   29000   -73.106    27.441
   29100   -71.423    30.521
   29200   -79.111    36.989
   29300   -75.357    29.434
   29400   -77.653    29.737
   29500   -68.747    39.160
   29600   -67.728    34.172
   29700   -81.115    33.440
   29800   -69.322    30.662
   29900   -68.491    29.816
   30000   -69.901    35.561
   30100   -72.581    34.721
   30200   -76.241    41.585
   30300   -75.981    33.676
   30400   -76.862    24.097
   30500   -78.529    32.269
   30600   -78.539    25.662
   30700   -70.441    29.674
   30800   -73.081    20.883
   30900   -72.375    23.128
   31000   -72.839    27.562
   31100   -81.300    31.572
   31200   -79.547    28.198
   31300   -78.329    26.504
   31400   -79.091    31.087
   31500   -78.432    33.669
   31600   -71.561    39.510
   31700   -71.455    23.161
   31800   -81.357    23.448
   31900   -66.702    24.173
   32000   -78.673    32.239
   32100   -79.466    31.948
   32200   -75.443    32.079
   32300   -80.535    33.293
   32400   -76.758    25.745
   32500   -77.482    38.032
   32600   -69.480    32.216
   32700   -68.612    35.957
   32800   -83.681    31.939
   32900   -74.540    23.501
   33000   -77.163    26.818
   33100   -80.427    31.108
   33200   -78.837    30.595
   33300   -83.345    26.215
   33400   -75.605    27.951
   33500   -72.014    26.388
   33600   -76.376    39.413
   33700   -75.826    23.463
   33800   -73.797    25.465
   33900   -76.663    28.144
   34000   -75.508    30.459
   34100   -72.013    29.976
   34200   -82.547    31.318
   34300   -77.565    35.164
   34400   -73.991    34.211
   34500   -82.474    33.420
   34600   -74.063    28.844
   34700   -76.364    29.828
   34800   -72.902    33.027
   34900   -79.113    24.934
   35000   -76.104    25.798
   35100   -80.122    37.603
   35200   -73.060    36.960
   35300   -83.365    29.854
   35400   -80.181    27.348
   35500   -68.258    25.801
   35600   -69.939    25.513
   35700   -76.978    31.909
   35800   -77.828    25.694
   35900   -74.024    29.819
   36000   -78.734    30.545
   36100   -79.090    38.669
   36200   -76.341    31.568
   36300   -80.832    37.148
   36400   -75.125    35.414
   36500   -73.581    26.665
   36600   -77.516    29.531
   36700   -73.485    24.537
   36800   -75.110    28.047
   36900   -73.917    27.612
   37000   -81.942    22.496
   37100   -74.663    22.043
   37200   -77.624    17.788
   37300   -80.713    25.639
   37400   -71.511    23.958
   37500   -77.488    34.885
   37600   -74.250    25.557
   37700   -74.940    27.533
   37800   -80.049    35.541
   37900   -73.430    30.672
   38000   -77.280    32.649
   38100   -74.780    32.135
   38200   -78.133    24.431
   38300   -76.933    23.936
   38400   -72.338    30.643
   38500   -78.881    28.470
   38600   -81.675    20.346
   38700   -71.311    26.133
   38800   -79.434    31.922
   38900   -80.743    32.751
   39000   -67.324    33.548
   39100   -81.909    30.245
   39200   -73.929    27.704
   39300   -77.360    33.204
   39400   -80.035    32.550
   39500   -71.169    30.806
   39600   -72.158    21.694
   39700   -70.693    33.335
   39800   -76.612    39.192
   39900   -77.459    32.849
   40000   -72.356    21.632
   40100   -78.026    25.571
   40200   -77.477    34.243
   40300   -71.514    30.536
   40400   -75.673    31.752
   40500   -69.439    30.068
   40600   -81.536    21.854
   40700   -78.997    34.123
   40800   -77.196    21.052
   40900   -76.293    30.332
   41000   -82.216    33.877
   41100   -70.737    22.499
   41200   -80.765    30.904
   41300   -73.615    26.842
   41400   -74.948    24.941
   41500   -76.505    27.659
   41600   -73.448    30.787
   41700   -72.863    26.465
   41800   -78.020    23.204
   41900   -76.507    26.236
   42000   -72.250    24.504
   42100   -78.827    28.932
   42200   -78.909    25.501
   42300   -81.788    22.718
   42400   -77.449    24.438
   42500   -72.301    32.305
   42600   -78.947    28.711
   42700   -78.656    27.837
   42800   -75.852    25.026
   42900   -75.947    22.607
   43000   -76.538    27.702
   43100   -75.215    25.475
   43200   -74.066    32.807
   43300   -74.608    27.310
   43400   -76.091    18.981
   43500   -72.812    26.461
   43600   -77.965    28.509
   43700   -67.337    29.812
   43800   -74.021    25.882
   43900   -80.328    25.722
   44000   -73.159    27.472
   44100   -75.650    26.495
   44200   -76.046    24.486
   44300   -76.910    29.244
   44400   -76.652    26.063
   44500   -78.026    37.144
   44600   -67.243    28.320
   44700   -76.537    27.899
   44800   -75.073    23.991
   44900   -76.940    29.423
   45000   -70.719    24.725
   45100   -77.851    33.328
   45200   -68.587    23.621
   45300   -75.628    28.206
   45400   -72.391    38.968
   45500   -72.346    26.694
   45600   -78.347    36.448
   45700   -80.654    23.909
   45800   -74.511    37.395
   45900   -78.471    20.567
   46000   -74.816    32.647
   46100   -76.489    36.895
   46200   -67.008    31.597
   46300   -76.762    34.846
   46400   -80.371    32.141
   46500   -70.946    27.354
   46600   -76.465    32.457
   46700   -67.562    30.334
   46800   -71.527    29.750
   46900   -78.748    29.516
   47000   -79.149    37.264
   47100   -73.966    37.719
   47200   -71.321    28.938
   47300   -73.464    29.011
   47400   -70.708    27.934
   47500   -77.973    28.170
   47600   -78.647    29.809
   47700   -79.182    28.788
   47800   -74.107    21.893
   47900   -75.836    33.812
   48000   -78.720    22.091
   48100   -78.227    35.264
   48200   -82.711    34.030
   48300   -79.254    26.620
   48400   -75.093    23.825
   48500   -78.138    23.766
   48600   -70.985    33.768
   48700   -68.108    31.023
   48800   -78.380    27.508
   48900   -75.727    25.577
   49000   -78.869    27.620
   49100   -75.315    27.265
   49200   -85.086    25.933
   49300   -71.706    31.738
   49400   -75.795    25.716
   49500   -82.908    26.023
   49600   -75.315    36.830
   49700   -72.298    26.387
   49800   -77.165    25.823
   49900   -74.550    28.466
