       0   -48.266    65.888
     100   -54.682    75.717
     200   -48.310    80.169
     300   -43.080    73.447
     400   -58.765    74.834
     500   -45.356    72.827
     600   -43.498    71.577
     700   -61.029    81.934
     800   -47.165    83.161
     900   -55.524    76.243
    1000   -48.464    77.618
    1100   -45.473    65.883
    1200   -53.182    80.683
    1300   -52.921    78.824
    1400   -43.069    79.360
    1500   -50.190    76.646
    1600   -49.023    80.132
    1700   -50.109    82.311
    1800   -45.744    72.332
    1900   -51.356    79.390
    2000   -42.285    78.320
    2100   -41.192    77.698
    2200   -48.950    73.739
    2300   -53.110    76.613
    2400   -52.489    77.943
    2500   -49.040    71.523
    2600   -45.946    69.998
    2700   -49.309    71.694
    2800   -54.844    76.457
    2900   -52.458    75.911
    3000   -63.372    73.886
    3100   -45.751    73.472
    3200   -56.637    79.036
    3300   -51.619    77.405
    3400   -48.048    78.036
    3500   -46.923    76.648
    3600   -58.323    73.674
    3700   -49.026    70.161
    3800   -49.115    67.819
    3900   -51.278    72.658
    4000   -48.610    73.533
    4100   -49.892    71.817
    4200   -44.478    77.781
    4300   -53.620    82.741
    4400   -58.730    64.843
    4500   -46.483    77.323
    4600   -50.680    82.340
    4700   -54.699    80.153
    4800   -50.053    75.603
    4900   -47.180    74.310
    5000   -55.156    71.678
    5100   -43.624    68.243
    5200   -50.604    80.377
    5300   -43.512    72.447
    5400   -52.909    80.920
    5500   -55.553    76.456
    5600   -48.313    79.811
    5700   -52.435    72.196
    5800   -51.329    77.880
    5900   -49.117    71.749
    6000   -53.790    78.631
    6100   -46.769    75.912
    6200   -44.999    73.942
    6300   -47.439    75.657
    6400   -53.707    70.934
    6500   -52.463    73.180
    6600   -45.094    68.656
    6700   -41.667    78.934
    6800   -44.151    82.172
    6900   -43.304    75.741
    7000   -48.572    72.585
    7100   -51.584    69.438
    7200   -49.852    77.948
    7300   -56.624    70.463
    7400   -45.940    75.941
    7500   -46.107    79.119
    7600   -52.435    72.154
    7700   -44.709    75.461
    7800   -41.636    72.883
    7900   -54.092    81.936
    8000   -46.391    79.194
    8100   -44.921    75.424
    8200   -54.850    72.606
    8300   -46.468    72.027
    8400   -52.753    81.604
    8500   -55.748    69.671
    8600   -47.158    69.183
    8700   -53.033    78.165
    8800   -52.148    81.105
    8900   -42.527    65.337
    9000   -48.742    79.762
    9100   -46.471    76.532
    9200   -48.211    78.057
    9300   -57.073    75.727
    9400   -43.989    76.120
    9500   -47.875    72.739
    9600   -55.998    78.293
    9700   -50.205    70.299
    9800   -52.497    72.614
    9900   -55.951    81.194
   10000   -49.768    84.286
   10100   -49.801    75.898
   10200   -49.621    72.162
   10300   -52.075    73.208
   10400   -57.159    78.901
   10500   -44.818    74.985
   10600   -55.024    82.477
   10700   -52.934    67.478
   10800   -46.732    73.764
   10900   -46.098    71.917
   11000   -46.950    80.213
   11100   -49.297    71.428
   11200   -53.528    75.970
   11300   -49.877    74.524
   11400   -51.159    74.551
   11500   -45.262    76.053
   11600   -47.813    79.338
   11700   -56.362    75.316
   11800   -52.790    76.650
   11900   -43.671    81.746
   12000   -46.983    76.795
   12100   -49.383    82.000
   12200   -52.755    81.139
   12300   -46.494    64.915
   12400   -48.153    73.661
   12500   -47.900    77.004
   12600   -50.859    82.039
   12700   -47.265    77.582
   12800   -53.037    80.926
   12900   -47.793    75.020
   13000   -47.889    79.785
   13100   -46.666    68.613
   13200   -39.832    74.606
   13300   -50.025    87.306
   13400   -50.925    83.343
   13500   -49.089    69.734
   13600   -48.244    75.199
   13700   -51.109    81.942
   13800   -53.922    72.063
   13900   -54.353    69.653
   14000   -51.731    74.796
   14100   -45.647    79.748
   14200   -57.965    80.362
   14300   -48.509    77.137
   14400   -50.698    69.476
   14500   -54.148    80.098
   14600   -42.829    73.538
   14700   -44.188    72.833
   14800   -54.127    82.706
   14900   -46.038    79.457
   15000   -43.406    73.052
   15100   -49.939    77.707
   15200   -51.373    84.840
   15300   -46.428    76.918
   15400   -48.421    72.153
   15500   -44.426    66.336
   15600   -45.508    72.631
   15700   -49.587    78.293
   15800   -46.750    72.637
   15900   -44.760    76.429
   16000   -50.853    74.933
   16100   -56.632    81.317
   16200   -43.077    74.843
   16300   -51.787    80.212
   16400   -48.633    77.341
   16500   -53.807    72.461
   16600   -51.584    67.260
   16700   -54.183    77.612
   16800   -49.656    73.395
   16900   -55.678    73.631
   17000   -56.647    76.014
   17100   -48.878    69.622
   17200   -51.334    73.670
   17300   -54.319    74.897
   17400   -57.983    72.792
   17500   -53.733    76.431
   17600   -47.587    75.925
   17700   -47.176    71.106
   17800   -52.900    80.267
   17900   -41.732    75.814
   18000   -45.632    79.754
   18100   -43.574    69.502
   18200   -47.763    82.592
   18300   -53.282    79.084
   18400   -34.422    65.147
   18500   -50.595    66.491
   18600   -59.116    73.422
   18700   -53.213    73.724
   18800   -53.049    80.400
   18900   -38.803    71.935
   19000   -51.275    88.659
   19100   -58.082    75.818
   19200   -44.067    63.574
   19300   -50.160    71.659
   19400   -53.623    74.830
   19500   -44.032    72.253
   19600   -48.363    79.547
   19700   -48.333    81.053
   19800   -52.017    78.182
   19900   -49.535    77.692
   20000   -50.609    71.727
   20100   -54.806    70.173
   20200   -51.192    76.404
   20300   -50.345    66.553
   20400   -48.851    73.739
   20500   -47.311    74.734
   20600   -49.975    78.749
   20700   -52.240    73.334
   20800   -46.651    73.847
   20900   -52.098    74.630
   21000   -49.015    80.994
   21100   -47.703    75.569
   21200   -51.031    77.962
   21300   -52.981    68.126
   21400   -52.275    75.662
   21500   -53.508    77.560
   21600   -46.284    72.390
   21700   -49.868    74.983
   21800   -54.327    78.210
   21900   -52.089    65.006
   22000   -60.074    76.459
   22100   -54.792    78.502
   22200   -52.276    83.676
   22300   -48.576    68.518
   22400   -58.157    76.550
   22500   -44.455    70.304
   22600   -39.267    77.006
   22700   -59.348    83.690
   22800   -49.467    72.904
   22900   -54.406    74.774
   23000   -48.877    75.536
   23100   -43.800    78.829
   23200   -41.414    87.410
   23300   -43.156    73.399
   23400   -44.134    78.168
   23500   -45.180    83.514
   23600   -49.913    74.292
   23700   -50.517    73.562
   23800   -49.433    77.854
   23900   -49.762    81.989
   24000   -51.279    80.062
   24100   -49.972    75.230
   24200   -51.351    74.660
   24300   -44.929    69.431
   24400   -51.851    68.211
   24500   -48.195    75.824
   24600   -50.779    78.346
   24700   -45.640    71.554
   24800   -46.431    77.551
   24900   -52.597    67.059
   25000   -49.604    74.952
   25100   -49.197    78.564
   25200   -54.343    72.073
   25300   -50.820    73.194
   25400   -44.413    79.603
   25500   -53.059    79.713
   25600   -52.734    74.737
   25700   -40.876    78.748
   25800   -49.591    81.595
   25900   -47.505    72.975
   26000   -52.330    75.029
   26100   -52.098    80.759
   26200   -49.975    73.662
   26300   -48.785    78.339
   26400   -45.482    77.727
   26500   -54.589    74.399
   26600   -38.910    78.614
   26700   -47.972    87.474
   26800   -53.198    77.825
   26900   -51.540    71.483
   27000   -41.645    72.928
   27100   -49.433    80.831
   27200   -48.033    78.405
   27300   -45.980    78.039
   27400   -45.422    70.529
   27500   -47.490    69.387
   27600   -49.005    77.444
   27700   -51.513    77.059
   27800   -53.090    82.634
   27900   -52.125    70.335
   28000   -49.199    81.005
   28100   -47.328    73.426
   28200   -47.203    84.003
   28300   -52.971    78.109
   28400   -48.027    79.438
   28500   -53.996    71.265
   28600   -50.499    66.658
   28700   -55.742    73.810
   28800   -47.364    78.288
   28900   -49.718    82.104
   29000   -45.822    80.318
   29100   -47.365    85.278
   29200   -54.491    78.408
   29300   -46.406    76.513
   29400   -53.336    72.284
   29500   -53.450    81.933
   29600   -45.713    71.768
   29700   -44.575    83.101
   29800   -55.061    79.803
   29900   -47.618    80.282
   30000   -46.231    82.315
   30100   -57.582    69.744
   30200   -45.899    82.183
   30300   -48.982    75.192
   30400   -50.297    80.805
   30500   -47.374    76.380
   30600   -49.874    75.856
   30700   -56.157    76.321
   30800   -50.889    75.830
   30900   -48.764    74.394
   31000   -44.100    70.796
   31100   -46.260    71.861
   31200   -39.871    70.844
   31300   -46.180    74.344
   31400   -48.427    76.345
   31500   -49.585    67.092
   31600   -54.180    74.602
   31700   -49.170    79.314
   31800   -44.431    74.218
   31900   -54.451    79.510
   32000   -49.358    82.285
   32100   -47.391    79.794
   32200   -50.623    70.653
   32300   -51.422    71.280
   32400   -50.487    76.571
   32500   -58.553    82.228
   32600   -51.227    75.077
   32700   -46.359    76.443
   32800   -46.898    72.133
   32900   -47.992    72.571
   33000   -48.653    79.126
   33100   -54.678    84.878
   33200   -45.533    82.196
   33300   -54.089    79.602
   33400   -49.288    83.288
   33500   -49.730    71.928
   33600   -46.481    84.536
   33700   -50.140    86.998
   33800   -46.728    86.176
   33900   -39.941    79.948
   34000   -54.375    84.280
   34100   -46.030    81.616
   34200   -47.822    75.134
   34300   -49.767    82.526
   34400   -41.202    75.634
   34500   -50.436    79.488
   34600   -45.280    87.606
   34700   -43.873    79.034
   34800   -57.637    72.107
   34900   -46.066    78.878
   35000   -41.921    74.327
   35100   -46.736    81.977
   35200   -47.872    82.393
   35300   -54.899    78.785
   35400   -48.125    74.014
   35500   -50.191    76.453
   35600   -47.159    84.469
   35700   -45.083    77.762
   35800   -50.826    73.881
   35900   -38.810    69.954
   36000   -44.398    76.864
   36100   -50.345    74.608
   36200   -48.065    75.232
   36300   -40.935    80.340
   36400   -47.826    81.503
   36500   -52.376    76.308
   36600   -54.584    72.706
   36700   -50.995    64.847
   36800   -49.989    68.214
   36900   -51.053    77.778
   37000   -42.972    75.985
   37100   -40.483    84.948
   37200   -44.166    76.085
   37300   -53.949    72.855
   37400   -48.776    84.658
   37500   -45.448    86.781
   37600   -48.331    73.359
   37700   -49.642    79.093
   37800   -59.386    69.271
   37900   -58.082    72.062
   38000   -49.459    81.099
   38100   -49.886    75.283
   38200   -51.931    79.166
   38300   -46.010    79.116
   38400   -46.739    84.246
   38500   -45.587    77.442
   38600   -48.914    82.665
   38700   -46.505    75.920
   38800   -47.405    76.336
   38900   -50.559    74.580
   39000   -51.465    72.318
   39100   -52.816    75.904
   39200   -44.389    78.669
   39300   -56.480    79.304
   39400   -53.089    75.470
   39500   -51.031    75.542
   39600   -53.222    82.734
   39700   -47.910    82.833
   39800   -46.852    71.061
   39900   -48.239    81.509
   40000   -44.364    81.008
   40100   -44.204    79.074
   40200   -41.001    77.693
   40300   -42.549    77.935
   40400   -49.835    85.098
   40500   -53.419    82.116
   40600   -51.580    80.343
   40700   -56.367    82.306
   40800   -48.797    81.437
   40900   -38.975    75.040
   41000   -48.753    81.864
   41100   -46.231    77.331
   41200   -47.369    85.633
   41300   -46.775    80.279
   41400   -47.606    78.911
   41500   -48.038    81.700
   41600   -51.293    73.529
   41700   -51.738    76.990
   41800   -54.446    68.757
   41900   -49.846    73.111
   42000   -47.459    89.829
   42100   -52.667    79.943
   42200   -51.744    76.061
   42300   -59.211    69.726
   42400   -49.752    75.071
   42500   -50.150    74.132
   42600   -52.264    77.302
   42700   -50.187    75.915
   42800   -53.222    79.128
   42900   -42.263    81.896
   43000   -50.994    77.312
   43100   -47.328    66.452
   43200   -45.889    80.759
   43300   -47.986    73.897
   43400   -49.122    77.493
   43500   -52.047    78.864
   43600   -52.254    76.434
   43700   -51.370    76.956
   43800   -51.621    76.570
   43900   -47.082    76.121
   44000   -52.474    74.040
   44100   -60.815    73.526
   44200   -53.644    75.519
   44300   -52.576    69.855
   44400   -49.068    72.653
   44500   -51.723    70.310
   44600   -53.070    78.931
   44700   -49.007    74.937
   44800   -45.278    78.055
   44900   -55.480    72.361
   45000   -58.955    73.527
   45100   -52.598    73.495
   45200   -45.739    81.039
   45300   -45.198    79.888
   45400   -45.884    78.702
   45500   -49.666    79.195
   45600   -51.792    72.279
   45700   -55.312    71.404
   45800   -51.943    78.325
   45900   -45.631    69.769
   46000   -48.966    71.016
   46100   -43.888    77.496
   46200   -43.689    76.277
   46300   -50.107    69.355
   46400   -48.186    71.346
   46500   -48.761    78.966
   46600   -42.785    80.781
   46700   -41.374    79.986
   46800   -62.857    75.838
   46900   -50.700    74.607
   47000   -52.170    81.191
   47100   -52.279    79.780
   47200   -46.099    79.884
   47300   -49.582    81.106
   47400   -47.902    77.827
   47500   -43.551    76.589
   47600   -47.276    74.734
   47700   -51.383    69.939
   47800   -49.320    78.369
   47900   -55.087    77.631
   48000   -52.022    75.252
   48100   -57.172    78.189
   48200   -49.176    85.100
   48300   -41.941    78.112
   48400   -47.081    83.362
   48500   -45.597    82.796
   48600   -53.019    75.290
   48700   -46.168    75.442
   48800   -55.976    76.645
   48900   -40.105    77.192
   49000   -53.580    67.103
   49100   -48.717    71.109
   49200   -33.896    76.129
   49300   -53.797    84.403
   49400   -53.110    78.773
   49500   -55.195    83.680
   49600   -42.310    73.767
   49700   -46.281    76.156
   49800   -42.418    82.626
   49900   -50.038    85.176
