       0   -44.648   124.814
     100   -49.719   117.549
     200   -51.526   119.752
     300   -49.741   116.854
     400   -49.043   121.354
     500   -45.002   119.422
     600   -50.046   118.367
     700   -43.149   122.164
     800   -46.362   119.315
     900   -46.070   122.314
    1000   -52.622   119.417
    1100   -52.141   121.501
    1200   -44.613   122.097
    1300   -44.373   120.751
    1400   -55.114   119.069
    1500   -46.508   128.187
    1600   -41.119   132.728
    1700   -37.856   119.016
    1800   -52.873   114.675
    1900   -53.382   117.662
    2000   -48.909   112.412
    2100   -51.264   117.521
    2200   -51.856   118.083
    2300   -45.400   125.359
    2400   -46.354   116.861
    2500   -45.600   117.313
    2600   -46.591   125.605
    2700   -43.036   125.419
    2800   -40.781   126.912
    2900   -49.322   125.348
    3000   -47.519   125.839
    3100   -41.874   125.335
    3200   -45.942   123.800
    3300   -42.604   114.770
    3400   -47.009   122.388
    3500   -42.245   116.734
    3600   -42.026   117.681
    3700   -53.678   122.599
    3800   -44.117   121.906
    3900   -48.993   121.637
    4000   -41.612   118.527
    4100   -50.950   119.102
    4200   -47.488   125.604
    4300   -36.937   116.709
    4400   -53.058   125.019
    4500   -50.701   125.589
    4600   -53.255   126.858
    4700   -50.241   115.825
    4800   -53.099   114.561
    4900   -54.544   112.890
    5000   -47.869   122.180
    5100   -44.923   116.821
    5200   -52.279   115.664
    5300   -47.297   114.457
    5400   -47.918   125.458
    5500   -48.435   114.809
    5600   -44.100   124.151
    5700   -47.500   123.405
    5800   -47.266   123.300
    5900   -43.647   124.539
    6000   -50.082   124.230
    6100   -49.291   127.658
    6200   -45.479   132.106
    6300   -47.232   123.754
    6400   -44.138   122.437
    6500   -48.859   123.539
    6600   -46.131   122.965
    6700   -41.597   120.576
    6800   -45.629   121.377
    6900   -44.045   126.275
    7000   -41.426   115.002
    7100   -48.494   120.732
    7200   -47.033   125.163
    7300   -43.646   127.780
    7400   -44.833   126.384
    7500   -52.743   118.540
    7600   -43.612   115.451
    7700   -42.355   120.687
    7800   -42.946   117.847
    7900   -46.139   122.854
    8000   -47.652   117.048
    8100   -43.670   122.652
    8200   -45.263   125.986
    8300   -47.725   119.972
    8400   -43.962   113.447
    8500   -46.326   134.427
    8600   -49.288   122.260
    8700   -50.147   121.891
    8800   -41.647   124.427
    8900   -48.468   121.091
    9000   -43.361   129.689
    9100   -51.727   119.214
    9200   -47.752   116.228
    9300   -44.886   117.058
    9400   -49.619   115.593
    9500   -43.704   118.547
    9600   -46.955   120.452
    9700   -51.211   123.070
    9800   -43.966   120.877
    9900   -43.730   121.326
   10000   -50.709   122.560
   10100   -51.342   118.653
   10200   -50.974   122.497
   10300   -41.904   121.142
   10400   -44.565   126.529
   10500   -46.107   120.990
   10600   -44.915   115.232
   10700   -50.387   113.071
   10800   -48.654   132.869
   10900   -53.933   119.857
   11000   -39.149   117.700
   11100   -45.438   114.015
   11200   -48.708   119.438
   11300   -56.014   117.896
   11400   -51.412   123.064
   11500   -51.174   124.697
   11600   -49.757   125.639
   11700   -40.204   125.560
   11800   -43.863   124.328
   11900   -58.091   130.523
   12000   -45.797   117.243
   12100   -46.948   127.137
   12200   -44.674   122.178
   12300   -43.981   117.795
   12400   -41.112   116.214
   12500   -53.136   126.903
   12600   -45.830   120.202
   12700   -43.821   116.155
   12800   -46.079   123.470
   12900   -49.599   127.603
   13000   -47.486   126.061
   13100   -36.296   119.192
   13200   -53.028   125.687
   13300   -43.276   120.041
   13400   -45.665   117.567
   13500   -48.634   132.256
   13600   -44.883   130.331
   13700   -44.401   122.345
   13800   -45.778   125.602
   13900   -45.806   124.177
   14000   -51.959   120.890
   14100   -53.107   132.396
   14200   -46.865   121.598
   14300   -45.795   122.153
   14400   -48.847   126.557
   14500   -49.721   132.058
   14600   -46.085   119.133
   14700   -47.224   123.241
   14800   -53.448   121.957
   14900   -44.470   127.294
   15000   -42.674   125.906
   15100   -49.687   116.667
   15200   -49.034   115.230
   15300   -53.278   121.559
   15400   -44.327   121.491
   15500   -53.720   125.844
   15600   -56.354   120.247
   15700   -50.349   121.638
   15800   -52.848   119.737
   15900   -48.217   117.434
   16000   -53.909   121.580
   16100   -43.940   117.293
   16200   -43.257   115.057
   16300   -55.203   125.263
   16400   -45.034   123.435
   16500   -46.103   122.894
   16600   -46.951   122.025
   16700   -47.412   123.325
   16800   -45.106   118.649
   16900   -47.060   120.025
   17000   -41.161   124.279
   17100   -46.849   134.212
   17200   -37.649   116.844
   17300   -45.842   120.803
   17400   -49.582   126.884
   17500   -52.100   120.072
   17600   -44.089   114.360
   17700   -53.425   122.289
   17800   -44.128   121.999
   17900   -49.069   114.475
   18000   -49.276   126.267
   18100   -51.912   123.731
   18200   -50.631   121.782
   18300   -45.254   123.307
   18400   -55.803   122.004
   18500   -54.124   110.143
   18600   -51.118   120.279
   18700   -49.032   123.726
   18800   -42.446   118.085
   18900   -43.734   114.738
   19000   -50.026   119.001
   19100   -46.329   116.780
   19200   -44.873   117.011
   19300   -48.569   123.615
   19400   -45.066   121.634
   19500   -48.852   117.481
   19600   -48.354   116.837
   19700   -50.134   133.959
   19800   -53.962   118.975
   19900   -46.768   118.970
   20000   -46.436   127.530
   20100   -46.092   121.437
   20200   -42.033   126.644
   20300   -37.741   116.180
   20400   -51.735   127.181
   20500   -45.533   121.593
   20600   -44.034   121.939
   20700   -40.439   121.684
   20800   -48.732   126.922
   20900   -43.085   118.047
   21000   -47.008   120.773
   21100   -57.403   117.049
   21200   -51.001   115.980
   21300   -45.377   126.168
   21400   -46.844   121.080
   21500   -46.518   119.981
   21600   -56.528   118.817
   21700   -46.103   127.592
   21800   -41.845   128.087
   21900   -50.715   128.200
   22000   -50.434   117.663
   22100   -48.665   127.138
   22200   -45.573   131.508
   22300   -47.783   117.862
   22400   -49.658   126.018
   22500   -50.092   123.783
   22600   -48.416   123.870
   22700   -39.185   123.469
   22800   -44.017   123.086
   22900   -47.009   121.343
   23000   -46.770   126.293
   23100   -46.411   121.750
   23200   -53.845   126.732
   23300   -48.296   119.511
   23400   -49.851   111.579
   23500   -47.005   123.623
   23600   -44.917   126.979
   23700   -56.054   121.731
   23800   -45.945   124.764
   23900   -48.167   114.382
   24000   -54.726   114.713
   24100   -55.008   129.813
   24200   -43.065   122.525
   24300   -49.337   114.055
   24400   -50.445   116.961
   24500   -46.596   132.637
   24600   -45.702   128.751
   24700   -48.737   124.639
   24800   -42.495   120.874
   24900   -35.428   126.185
   25000   -46.668   117.042
   25100   -46.783   124.820
   25200   -40.512   121.131
   25300   -51.534   126.216
   25400   -45.345   124.175
   25500   -54.136   131.543
   25600   -45.848   120.624
   25700   -43.931   121.626
   25800   -44.287   121.861
   25900   -45.099   129.639
   26000   -46.499   120.470
   26100   -46.198   120.580
   26200   -43.578   121.747
   26300   -45.017   131.010
   26400   -50.247   122.065
   26500   -46.812   121.055
   26600   -49.765   121.302
   26700   -46.930   122.137
   26800   -46.924   116.635
   26900   -44.471   122.648
   27000   -46.959   119.191
   27100   -42.048   120.025
   27200   -47.716   122.966
   27300   -45.437   124.917
   27400   -50.659   111.005
   27500   -48.797   115.839
   27600   -43.799   117.112
   27700   -48.091   133.802
   27800   -49.991   120.126
   27900   -48.344   115.109
   28000   -52.132   116.901
   28100   -38.861   113.782
   28200   -54.231   127.656
   28300   -45.288   112.562
   28400   -45.669   116.487
   28500   -55.240   121.547
   28600   -52.978   123.982
   28700   -46.823   127.576
   28800   -51.083   122.459
   28900   -47.398   123.464
   29000   -43.599   125.346
   29100   -49.406   132.661
   29200   -49.613   119.751
   29300   -48.630   121.186
   29400   -45.416   123.439
   29500   -48.034   123.605
   29600   -46.277   127.862
   29700   -39.786   116.733
   29800   -46.496   121.258
   29900   -54.611   127.827
   30000   -50.900   124.083
   30100   -51.391   123.192
   30200   -52.820   119.281
   30300   -46.462   115.543
   30400   -46.651   121.908
   30500   -47.349   117.477
   30600   -48.291   122.000
   30700   -47.329   122.167
   30800   -43.753   127.068
   30900   -50.664   128.313
   31000   -46.114   122.445
   31100   -46.046   124.378
   31200   -46.084   133.939
   31300   -55.169   127.052
   31400   -47.256   118.221
   31500   -46.371   118.855
   31600   -45.101   120.952
   31700   -46.068   121.875
   31800   -46.192   120.264
   31900   -49.388   116.967
   32000   -52.475   122.479
   32100   -48.949   120.529
   32200   -46.474   118.486
   32300   -48.895   118.459
   32400   -44.324   114.487
   32500   -49.983   124.618
   32600   -48.086   122.436
   32700   -53.852   117.811
   32800   -45.686   121.313
   32900   -44.424   123.033
   33000   -45.466   117.002
   33100   -47.724   121.568
   33200   -49.727   127.505
   33300   -44.191   117.530
   33400   -53.289   126.088
   33500   -50.144   135.243
   33600   -49.923   118.420
   33700   -41.045   123.627
   33800   -43.251   126.364
   33900   -50.896   123.705
   34000   -50.696   118.702
   34100   -48.256   117.937
   34200   -40.625   114.870
   34300   -47.630   120.288
   34400   -53.126   121.943
   34500   -48.206   114.812
   34600   -49.312   120.769
   34700   -48.198   119.043
   34800   -47.811   116.323
   34900   -50.747   124.801
   35000   -57.626   123.835
   35100   -48.794   115.849
   35200   -41.698   123.434
   35300   -47.961   121.599
   35400   -50.585   118.524
   35500   -47.947   117.163
   35600   -50.094   121.653
   35700   -50.343   119.834
   35800   -46.807   120.736
   35900   -48.851   121.451
   36000   -45.636   123.424
   36100   -42.485   122.646
   36200   -37.369   118.753
   36300   -45.312   118.440
   36400   -49.927   121.786
   36500   -45.078   116.381
   36600   -42.973   125.254
   36700   -49.435   129.152
   36800   -53.103   125.366
   36900   -46.007   118.366
   37000   -55.732   121.256
   37100   -48.656   119.158
   37200   -49.293   118.568
   37300   -50.443   118.452
   37400   -50.548   120.343
   37500   -47.173   118.782
   37600   -55.199   113.638
   37700   -43.625   126.405
   37800   -51.358   123.631
   37900   -42.800   120.092
   38000   -49.538   123.135
   38100   -50.123   116.720
   38200   -46.040   123.602
   38300   -49.412   118.261
   38400   -44.450   123.466
   38500   -48.490   120.649
   38600   -42.566   125.869
   38700   -50.160   123.373
   38800   -46.351   119.496
   38900   -49.629   129.608
   39000   -46.379   116.122
   39100   -45.265   124.386
   39200   -49.600   117.229
   39300   -49.217   120.022
   39400   -53.080   112.884
   39500   -47.837   122.619
   39600   -57.804   121.927
   39700   -43.245   121.724
   39800   -45.692   120.812
   39900   -46.841   120.569
   40000   -43.357   124.478
   40100   -44.688   128.067
   40200   -40.879   126.484
   40300   -51.804   121.525
   40400   -50.076   119.766
   40500   -48.335   123.773
   40600   -50.128   119.943
   40700   -49.210   122.462
   40800   -47.439   114.277
   40900   -48.949   130.611
   41000   -54.315   125.058
   41100   -44.861   122.865
   41200   -38.030   118.137
   41300   -47.287   121.819
   41400   -52.727   124.957
   41500   -41.456   126.120
   41600   -50.194   117.396
   41700   -51.136   124.292
   41800   -51.189   120.479
   41900   -47.770   126.444
   42000   -40.726   123.530
   42100   -45.906   114.402
   42200   -38.659   122.168
   42300   -45.191   123.059
   42400   -42.292   115.575
   42500   -50.968   129.074
   42600   -49.119   122.126
   42700   -49.300   115.719
   42800   -48.059   118.613
   42900   -46.404   121.696
   43000   -55.580   121.765
   43100   -53.668   120.439
   43200   -48.734   123.636
   43300   -47.361   123.933
   43400   -44.053   126.900
   43500   -51.443   118.637
   43600   -48.500   118.419
   43700   -49.310   120.218
   43800   -53.715   121.714
   43900   -51.021   119.631
   44000   -43.043   121.029
   44100   -47.748   125.783
   44200   -48.311   123.798
   44300   -52.462   121.234
   44400   -44.404   123.248
   44500   -46.506   123.593
   44600   -53.305   123.149
   44700   -48.359   118.276
   44800   -51.128   116.449
   44900   -55.157   117.738
   45000   -54.393   110.725
   45100   -49.563   124.394
   45200   -56.264   119.588
   45300   -46.733   111.615
   45400   -55.182   127.262
   45500   -46.293   117.425
   45600   -43.515   127.446
   45700   -47.517   118.733
   45800   -55.820   118.829
   45900   -55.289   113.358
   46000   -57.079   114.425
   46100   -45.759   117.135
   46200   -55.335   114.125
   46300   -46.248   117.040
   46400   -51.038   126.969
   46500   -45.950   114.364
   46600   -50.841   121.545
   46700   -50.005   113.960
   46800   -46.709   119.877
   46900   -47.695   117.439
   47000   -44.989   118.702
   47100   -47.600   119.684
   47200   -43.442   119.248
   47300   -49.517   125.621
   47400   -50.167   122.659
   47500   -49.359   121.394
   47600   -51.167   123.062
   47700   -46.046   125.854
   47800   -53.362   126.193
   47900   -46.728   116.470
   48000   -45.726   118.173
   48100   -48.357   129.040
   48200   -45.668   124.078
   48300   -42.679   119.850
   48400   -40.544   121.803
   48500   -53.834   120.598
   48600   -49.957   123.337
   48700   -49.310   120.715
   48800   -39.947   119.404
   48900   -49.793   115.836
   49000   -51.658   120.774
   49100   -49.293   121.520
   49200   -47.059   116.736
   49300   -44.513   122.346
   49400   -45.509   128.655
   49500   -43.539   125.130
   49600   -42.624   114.849
   49700   -40.979   122.633
   49800   -49.602   123.406
   49900   -47.509   118.153
