       0  -133.230   160.946
     100  -132.937   165.741
     200  -133.616   165.494
     300  -136.623   161.275
     400  -137.708   167.490
     500  -132.040   165.767
     600  -137.207   168.022
     700  -137.437   168.069
     800  -133.715   162.127
     900  -138.333   164.808
    1000  -136.381   162.443
    1100  -138.589   163.424
    1200  -130.416   174.272
    1300  -135.545   162.362
    1400  -127.604   165.416
    1500  -138.104   173.850
    1600  -141.771   161.554
    1700  -140.209   164.118
    1800  -131.109   165.011
    1900  -137.088   165.287
    2000  -133.869   161.544
    2100  -136.802   160.261
    2200  -137.368   163.185
    2300  -132.902   163.484
    2400  -134.437   166.984
    2500  -136.009   166.907
    2600  -130.674   169.352
    2700  -135.447   150.103
    2800  -137.828   161.767
    2900  -133.994   157.168
    3000  -139.109   164.203
    3100  -138.262   171.375
    3200  -137.352   164.805
    3300  -138.467   161.746
    3400  -126.725   162.128
    3500  -135.470   157.565
    3600  -138.078   162.533
    3700  -140.018   162.232
    3800  -139.406   171.419
    3900  -138.994   167.979
    4000  -142.079   173.287
    4100  -136.950   165.661
    4200  -130.425   160.700
    4300  -136.484   157.899
    4400  -132.504   170.184
    4500  -129.237   161.912
    4600  -143.429   167.194
    4700  -137.571   169.134
    4800  -133.745   159.554
    4900  -136.676   162.824
    5000  -140.848   162.411
    5100  -139.960   170.354
    5200  -139.121   161.700
    5300  -137.096   160.999
    5400  -138.514   153.721
    5500  -136.225   174.432
    5600  -138.061   170.575
    5700  -141.476   169.683
    5800  -130.461   165.913
    5900  -132.880   165.712
    6000  -135.812   164.915
    6100  -137.421   161.426
    6200  -136.867   162.195
    6300  -136.683   160.234
    6400  -126.689   164.201
    6500  -140.665   158.901
    6600  -136.159   165.696
    6700  -131.016   166.913
    6800  -128.367   168.020
    6900  -128.385   156.804
    7000  -136.420   156.684
    7100  -137.957   164.849
    7200  -138.862   163.012
    7300  -131.062   167.639
    7400  -146.012   164.460
    7500  -130.692   162.482
    7600  -137.615   165.923
    7700  -129.786   164.777
    7800  -134.934   155.967
    7900  -128.103   170.139
    8000  -134.491   161.864
    8100  -135.763   161.658
    8200  -137.410   163.339
    8300  -136.050   166.478
    8400  -138.106   161.684
    8500  -127.009   158.478
    8600  -134.630   160.645
    8700  -143.071   166.128
    8800  -141.610   156.521
    8900  -140.866   159.833
    9000  -140.004   163.754
    9100  -135.629   166.940
    9200  -136.026   161.763
    9300  -134.418   164.148
    9400  -136.503   161.450
    9500  -132.057   160.116
    9600  -140.089   168.395
    9700  -140.550   167.152
    9800  -133.435   160.915
    9900  -132.610   162.828
   10000  -135.583   166.862
   10100  -140.272   172.105
   10200  -134.219   173.808
   10300  -136.526   169.518
   10400  -127.362   164.723
   10500  -143.079   168.577
   10600  -136.790   160.846
   10700  -134.912   163.330
   10800  -144.034   164.221
   10900  -139.733   171.794
   11000  -142.761   165.686
   11100  -134.239   152.554
   11200  -141.362   164.794
   11300  -135.293   169.543
   11400  -128.287   162.839
   11500  -144.469   161.713
   11600  -146.093   163.184
   11700  -128.221   167.559
   11800  -133.705   156.475
   11900  -144.455   158.031
   12000  -135.646   168.667
   12100  -140.106   163.470
   12200  -139.680   168.866
   12300  -135.035   166.445
   12400  -139.310   168.370
   12500  -137.980   165.340
   12600  -133.436   167.287
   12700  -135.758   159.243
   12800  -133.082   166.550
   12900  -137.678   157.214
   13000  -137.580   159.056
   13100  -132.528   170.337
   13200  -136.572   169.190
   13300  -126.971   162.692
   13400  -144.473   166.575
   13500  -137.270   167.286
   13600  -136.841   158.695
   13700  -139.787   163.372
   13800  -135.722   169.941
   13900  -137.110   163.546
   14000  -131.573   160.597
   14100  -134.378   169.137
   14200  -137.502   160.545
   14300  -135.157   173.355
   14400  -134.928   158.820
   14500  -139.469   158.079
   14600  -136.862   160.879
   14700  -138.152   160.432
   14800  -134.423   158.381
   14900  -132.791   166.926
   15000  -143.016   163.322
   15100  -130.047   163.609
   15200  -125.844   160.875
   15300  -139.807   161.843
   15400  -128.334   160.527
   15500  -134.368   165.267
   15600  -135.245   167.746
   15700  -142.535   164.484
   15800  -133.305   169.208
   15900  -135.125   170.399
   16000  -140.462   160.019
   16100  -138.297   158.887
   16200  -130.166   161.079
   16300  -134.821   164.095
   16400  -139.167   165.023
   16500  -137.097   166.714
   16600  -141.319   165.676
   16700  -136.275   165.862
   16800  -133.505   161.505
   16900  -131.020   160.884
   17000  -133.699   160.971
   17100  -142.197   160.491
   17200  -136.618   169.634
   17300  -136.056   166.828
   17400  -138.876   161.912
   17500  -134.903   175.084
   17600  -134.970   165.385
   17700  -129.946   167.225
   17800  -135.391   170.724
   17900  -135.562   159.026
   18000  -136.698   169.616
   18100  -139.563   168.728
   18200  -132.892   167.416
   18300  -127.484   167.690
   18400  -138.142   157.526
   18500  -132.272   164.367
   18600  -135.316   171.131
   18700  -132.853   164.167
   18800  -132.260   170.790
   18900  -142.911   156.784
   19000  -135.352   169.767
   19100  -142.183   163.637
   19200  -136.174   167.870
   19300  -134.552   161.178
   19400  -129.059   162.355
   19500  -140.692   154.951
   19600  -136.345   160.602
   19700  -136.627   159.700
   19800  -139.309   168.756
   19900  -139.884   165.045
   20000  -133.262   170.426
   20100  -141.884   171.967
   20200  -140.004   162.746
   20300  -135.014   161.462
   20400  -141.554   171.144
   20500  -134.601   166.609
   20600  -136.265   162.041
   20700  -133.459   158.070
   20800  -141.594   162.067
   20900  -137.624   170.172
   21000  -141.006   164.484
   21100  -132.440   163.028
   21200  -133.338   160.107
   21300  -129.946   160.095
   21400  -130.462   164.694
   21500  -131.326   165.775
   21600  -139.368   163.997
   21700  -136.653   160.745
   21800  -138.922   170.561
   21900  -131.318   158.608
   22000  -139.727   167.996
   22100  -130.576   165.035
   22200  -130.688   165.779
   22300  -147.928   164.864
   22400  -137.472   160.908
   22500  -137.114   164.531
   22600  -134.952   171.183
   22700  -131.837   163.618
   22800  -142.260   163.123
   22900  -139.343   169.153
   23000  -140.954   161.413
   23100  -126.498   166.614
   23200  -137.430   169.150
   23300  -132.667   171.722
   23400  -130.767   170.497
   23500  -129.783   167.236
   23600  -134.749   160.504
   23700  -132.063   171.479
   23800  -138.683   164.531
   23900  -137.991   157.664
   24000  -135.654   165.816
   24100  -137.688   161.346
   24200  -130.125   164.769
   24300  -125.838   165.945
   24400  -142.949   168.694
   24500  -136.892   165.185
   24600  -127.531   163.622
   24700  -130.498   163.378
   24800  -134.184   169.566
   24900  -136.849   169.075
   25000  -136.576   170.041
   25100  -139.654   160.883
   25200  -144.734   159.888
   25300  -132.128   165.015
   25400  -138.397   158.804
   25500  -126.936   163.119
   25600  -136.744   169.440
   25700  -138.906   167.508
   25800  -139.372   161.850
   25900  -133.253   157.590
   26000  -136.017   162.566
   26100  -137.404   161.093
   26200  -127.467   160.376
   26300  -135.490   160.160
   26400  -129.062   165.239
   26500  -131.900   166.261
   26600  -136.253   158.681
   26700  -136.930   160.102
   26800  -135.599   163.012
   26900  -140.846   161.195
   27000  -129.008   160.222
   27100  -137.878   171.973
   27200  -135.870   169.668
   27300  -133.258   169.271
   27400  -131.459   166.614
   27500  -130.749   165.689
   27600  -131.096   160.973
   27700  -137.097   167.285
   27800  -139.665   166.014
   27900  -135.329   164.921
   28000  -139.015   166.034
   28100  -142.440   163.615
   28200  -133.429   159.179
   28300  -137.211   160.527
   28400  -136.901   168.130
   28500  -140.618   163.132
   28600  -128.501   173.620
   28700  -136.250   168.356
   28800  -139.849   166.389
   28900  -139.188   165.074
   29000  -144.114   165.199
   29100  -135.619   165.339
   29200  -131.996   160.893
   29300  -135.247   162.397
   29400  -143.116   167.289
   29500  -135.586   170.413
   29600  -140.055   162.403
   29700  -132.996   160.109
   29800  -139.571   164.800
   29900  -137.883   167.149
   30000  -128.703   150.673
   30100  -126.603   162.754
   30200  -141.925   162.853
   30300  -138.138   155.829
   30400  -142.457   166.540
   30500  -133.757   168.896
   30600  -140.406   158.365
   30700  -139.915   162.167
   30800  -135.392   162.116
   30900  -133.777   164.825
   31000  -142.614   166.533
   31100  -134.862   171.037
   31200  -134.954   169.452
   31300  -140.634   159.300
   31400  -133.982   163.682
   31500  -124.932   164.645
   31600  -132.285   165.794
   31700  -143.040   164.293
   31800  -134.416   161.835
   31900  -137.470   161.043
   32000  -135.500   172.603
   32100  -138.452   161.611
   32200  -138.868   164.596
   32300  -129.377   167.417
   32400  -134.904   159.825
   32500  -135.018   160.579
   32600  -138.191   171.806
   32700  -131.866   169.940
   32800  -137.711   163.091
   32900  -136.408   162.570
   33000  -134.689   167.721
   33100  -129.783   160.069
   33200  -129.513   163.060
   33300  -127.713   164.294
   33400  -137.476   161.229
   33500  -137.063   164.218
   33600  -133.116   162.826
   33700  -139.989   157.780
   33800  -122.978   160.648
   33900  -138.792   156.199
   34000  -126.984   159.921
   34100  -135.750   168.936
   34200  -135.141   172.876
   34300  -125.961   158.801
   34400  -136.612   164.553
   34500  -137.103   166.243
   34600  -140.097   164.256
   34700  -125.700   165.212
   34800  -135.722   166.396
   34900  -135.301   162.919
   35000  -135.708   164.592
   35100  -128.320   165.009
   35200  -130.412   170.368
   35300  -133.711   159.533
   35400  -138.977   160.544
   35500  -136.688   161.723
   35600  -127.049   164.487
   35700  -137.911   165.230
   35800  -134.867   164.659
   35900  -140.015   166.234
   36000  -135.424   165.554
   36100  -136.959   170.808
   36200  -129.737   159.395
   36300  -139.075   164.364
   36400  -142.829   169.061
   36500  -136.822   163.848
   36600  -130.576   160.326
   36700  -144.352   167.810
   36800  -138.345   169.422
   36900  -138.640   164.137
   37000  -133.866   163.769
   37100  -131.964   169.300
   37200  -135.003   164.607
   37300  -127.599   167.646
   37400  -137.534   172.069
   37500  -133.572   173.183
   37600  -131.175   159.112
   37700  -142.881   165.865
   37800  -139.993   160.836
   37900  -132.773   164.528
   38000  -125.387   160.553
   38100  -144.705   166.852
   38200  -128.244   163.925
   38300  -133.207   159.168
   38400  -137.247   171.592
   38500  -133.028   160.012
   38600  -134.649   160.612
   38700  -139.277   170.168
   38800  -138.689   162.358
   38900  -137.790   160.668
   39000  -134.724   163.807
   39100  -134.612   172.118
   39200  -133.921   162.922
   39300  -139.740   163.818
   39400  -138.094   154.566
   39500  -135.290   165.231
   39600  -126.523   167.589
   39700  -144.379   164.988
   39800  -131.971   169.672
   39900  -141.008   165.981
   40000  -136.459   171.062
   40100  -130.211   164.931
   40200  -128.970   162.674
   40300  -129.641   166.637
   40400  -138.783   163.959
   40500  -135.618   166.365
   40600  -145.743   163.984
   40700  -127.508   165.188
   40800  -133.906   168.332
   40900  -134.917   166.126
   41000  -139.718   165.375
   41100  -135.823   166.971
   41200  -139.230   166.538
   41300  -139.165   173.376
   41400  -133.250   161.123
   41500  -140.179   166.789
   41600  -136.265   160.709
   41700  -136.853   169.722
   41800  -141.369   171.199
   41900  -135.880   168.919
   42000  -140.344   157.831
   42100  -132.642   163.102
   42200  -126.919   173.522
   42300  -138.440   168.257
   42400  -134.558   175.639
   42500  -136.937   170.845
   42600  -143.008   168.536
   42700  -143.627   164.592
   42800  -131.660   168.285
   42900  -139.693   160.296
   43000  -136.285   164.173
   43100  -136.522   163.233
   43200  -135.242   170.853
   43300  -136.860   164.749
   43400  -136.034   160.175
   43500  -132.578   164.437
   43600  -130.481   162.418
   43700  -140.398   158.644
   43800  -134.066   167.800
   43900  -131.743   165.204
   44000  -135.498   161.714
   44100  -140.247   163.544
   44200  -137.743   162.991
   44300  -136.290   172.762
   44400  -132.992   164.799
   44500  -128.997   172.438
   44600  -144.742   165.622
   44700  -134.708   165.854
   44800  -134.218   160.156
   44900  -140.783   165.487
   45000  -138.476   157.802
   45100  -132.659   160.948
   45200  -138.626   167.881
   45300  -127.351   160.205
   45400  -135.072   149.835
   45500  -138.214   169.149
   45600  -139.110   167.700
   45700  -130.775   164.718
   45800  -141.148   166.682
   45900  -137.798   166.393
   46000  -137.524   160.446
   46100  -131.465   161.060
   46200  -132.096   166.305
   46300  -141.300   168.488
   46400  -138.254   165.133
   46500  -138.664   153.805
   46600  -136.708   161.246
   46700  -141.053   159.220
   46800  -135.470   163.998
   46900  -136.832   156.960
   47000  -129.391   172.094
   47100  -141.535   178.794
   47200  -137.645   160.259
   47300  -141.456   165.419
   47400  -143.866   166.304
   47500  -130.616   160.881
   47600  -139.006   167.496
   47700  -138.706   169.882
   47800  -126.839   163.886
   47900  -140.634   157.612
   48000  -126.091   163.346
   48100  -141.219   161.513
   48200  -136.855   161.714
   48300  -138.229   161.892
   48400  -130.879   160.816
   48500  -136.443   162.513
   48600  -137.703   166.765
   48700  -139.075   166.660
   48800  -137.652   166.699
   48900  -142.365   167.382
   49000  -138.015   168.155
   49100  -139.180   167.975
   49200  -135.795   167.210
   49300  -149.319   167.662
   49400  -137.956   165.278
   49500  -132.415   167.945
   49600  -142.316   159.711
   49700  -137.369   157.974
   49800  -132.100   162.049
   49900  -137.341   164.301
