       0  -139.472   171.440
     100  -166.045     3.678
     200  -190.022   -10.426
     300  -177.048     3.232
     400  -175.805     2.322
     500  -179.213     7.495
     600  -166.273    10.140
     700  -169.331   -12.546
     800  -172.780    -1.246
     900  -172.871     0.873
    1000  -174.720     6.314
    1100  -170.979    -1.455
    1200  -176.920    -5.422
    1300  -176.107    -0.561
    1400  -173.374    -5.707
    1500  -170.012    -3.590
    1600  -173.612    -4.573
    1700  -180.344   -11.397
    1800  -175.482    -0.960
    1900  -172.574     5.173
    2000  -172.799    -1.402
    2100  -178.039     5.028
    2200  -168.382    -1.758
    2300  -175.180    -2.022
    2400  -173.702    -1.931
    2500  -174.965     1.862
    2600  -173.696    -6.454
    2700  -173.039    -2.363
    2800  -172.292    -4.370
    2900  -163.388    -1.695
    3000  -175.437    -3.695
    3100  -167.198    -8.874
    3200  -177.152    -1.561
    3300  -174.267     5.082
    3400  -171.782    -6.525
    3500  -175.264    -0.731
    3600  -173.621     6.524
    3700  -171.497    -4.998
    3800  -175.624    -0.252
    3900  -177.568     1.004
    4000  -173.032    -5.150
    4100  -170.457     4.952
    4200  -174.649    -1.874
    4300  -181.981    -7.479
    4400  -169.824     3.832
    4500  -171.999     0.820
    4600  -167.994     0.309
    4700  -168.615   -13.240
    4800  -181.576    -0.733
    4900  -181.220     7.456
    5000  -175.287    -7.928
    5100  -175.856    -5.406
    5200  -178.275    -8.526
    5300  -170.090    -4.696
    5400  -172.424    -8.148
    5500  -171.469     7.303
    5600  -171.777    -0.445
    5700  -174.105     7.831
    5800  -175.998    -1.485
    5900  -177.919     0.360
    6000  -167.569     7.103
    6100  -170.871     1.164
    6200  -170.956     3.695
    6300  -181.039     7.629
    6400  -170.378     7.663
    6500  -169.786    -0.234
    6600  -175.412    -2.587
    6700  -170.097    -8.071
    6800  -174.327     4.811
    6900  -173.842     2.651
    7000  -180.529    -2.590
    7100  -166.027     3.039
    7200  -174.740    -9.659
    7300  -165.718    -2.847
    7400  -173.806    -0.089
    7500  -167.462     2.058
    7600  -176.340    -7.890
    7700  -181.919    -6.763
    7800  -175.996    -2.648
    7900  -176.714    -7.569
    8000  -180.586    -7.777
    8100  -173.748    -4.247
    8200  -177.053    -2.198
    8300  -175.972    -1.015
    8400  -177.571   -10.922
    8500  -178.438    -9.006
    8600  -181.589    -2.706
    8700  -172.948    -1.352
    8800  -176.106     2.303
    8900  -170.218    -5.169
    9000  -171.904   -10.656
    9100  -176.257     2.082
    9200  -181.424    -0.335
    9300  -167.407     1.722
    9400  -174.518     0.560
    9500  -171.550    -3.929
    9600  -172.651    -1.651
    9700  -177.425    -6.058
    9800  -170.751     0.611
    9900  -175.045    -6.408
   10000  -177.701     2.563
   10100  -171.788     4.976
   10200  -171.679     2.623
   10300  -173.277     3.017
   10400  -175.720     7.432
   10500  -175.119     9.426
   10600  -172.406    -5.192
   10700  -167.948     3.456
   10800  -173.614    -5.277
   10900  -180.044     1.354
   11000  -174.557     0.440
   11100  -175.297    -3.863
   11200  -172.687    -0.485
   11300  -165.489     1.872
   11400  -177.241    -4.947
   11500  -167.565    -2.896
   11600  -176.399    -6.053
   11700  -175.350     0.460
   11800  -165.158    -0.346
   11900  -167.256    -4.153
   12000  -178.205    -7.978
   12100  -171.573    -0.414
   12200  -177.157    -0.273
   12300  -174.269     0.233
   12400  -175.254    -9.675
   12500  -172.462    -9.045
   12600  -172.832    -4.043
   12700  -173.513    -3.134
   12800  -163.697     4.855
   12900  -179.877    -2.718
   13000  -168.033    10.738
   13100  -174.853     3.253
   13200  -171.040    -0.346
   13300  -180.014     0.360
   13400  -175.309     0.053
   13500  -171.253    -6.793
   13600  -169.276     2.765
   13700  -177.936     4.177
   13800  -176.805    -7.281
   13900  -172.901    -6.268
   14000  -174.572   -12.026
   14100  -181.494    -8.318
   14200  -173.940    -5.540
   14300  -178.436     3.565
   14400  -181.494    -4.623
   14500  -182.507    -6.740
   14600  -179.977    -5.388
   14700  -174.381     2.229
   14800  -175.360    -2.710
   14900  -172.081     4.273
   15000  -174.127     5.153
   15100  -174.708     7.096
   15200  -170.682    -5.077
   15300  -177.807    -6.776
   15400  -176.006     6.322
   15500  -174.235     2.074
   15600  -175.220     3.110
   15700  -174.949     4.098
   15800  -176.879    -2.355
   15900  -178.679    -3.166
   16000  -181.669     2.463
   16100  -173.604     2.784
   16200  -177.642    -5.154
   16300  -169.935     2.177
   16400  -182.973     3.029
   16500  -171.757    10.784
   16600  -169.501    -0.331
   16700  -174.971     1.232
   16800  -166.814    -2.035
   16900  -173.143    -4.955
   17000  -176.702    -7.200
   17100  -171.059    -1.069
   17200  -174.540   -10.964
   17300  -170.017     0.789
   17400  -168.878    -1.737
   17500  -164.305    -3.394
   17600  -182.405    -6.453
   17700  -173.510    -8.110
   17800  -175.894    -5.249
   17900  -172.250    -9.363
   18000  -178.861    -1.461
   18100  -181.740     1.550
   18200  -173.094     0.297
   18300  -180.277    -3.732
   18400  -177.610    -2.164
   18500  -172.215    -9.642
   18600  -176.390    -2.126
   18700  -173.897    -1.089
   18800  -171.628    -3.106
   18900  -178.111     5.961
   19000  -176.319     1.163
   19100  -166.436    -2.977
   19200  -177.302     0.834
   19300  -173.922    -5.445
   19400  -173.929    -2.865
   19500  -172.352    -6.995
   19600  -168.523     2.650
   19700  -179.109    -0.058
   19800  -175.284     5.434
   19900  -175.061     0.117
   20000  -177.466    -7.331
   20100  -176.905    -9.689
   20200  -177.305    -6.722
   20300  -176.716     3.387
   20400  -172.784    -4.704
   20500  -177.817     9.307
   20600  -168.888    -3.222
   20700  -171.513    -6.599
   20800  -173.884    -1.546
   20900  -179.066     0.813
   21000  -164.996     3.143
   21100  -178.885    -0.454
   21200  -168.876     8.632
   21300  -171.828     1.689
   21400  -175.493    -2.708
   21500  -176.200     4.597
   21600  -166.843     7.921
   21700  -167.541    -2.928
   21800  -167.356    -5.474
   21900  -177.670     1.402
   22000  -168.152    -4.874
   22100  -172.317    -6.064
   22200  -171.956    -9.442
   22300  -179.059    -5.956
   22400  -181.190     3.310
   22500  -175.798    -2.513
   22600  -169.711     0.931
   22700  -169.767    -3.723
   22800  -173.653    -2.112
   22900  -175.111     3.871
   23000  -170.035    -2.228
   23100  -177.640     1.103
   23200  -173.502     9.525
   23300  -173.574    -8.095
   23400  -171.717    -6.509
   23500  -170.860     5.229
   23600  -173.402     0.633
   23700  -168.120   -10.191
   23800  -172.046     2.756
   23900  -171.379     4.700
   24000  -165.846    -2.989
   24100  -172.226     4.507
   24200  -171.866     8.251
   24300  -175.594    -3.028
   24400  -176.555     3.995
   24500  -175.289    -0.643
   24600  -172.610    -1.446
   24700  -168.336     4.337
   24800  -169.996    -0.422
   24900  -163.093     5.560
   25000  -178.482     2.632
   25100  -175.786     4.411
   25200  -177.700     4.802
   25300  -179.357     0.505
   25400  -174.154    -3.766
   25500  -173.954     8.534
   25600  -172.147    -0.180
   25700  -173.328     0.235
   25800  -175.056     4.322
   25900  -178.045    -5.137
   26000  -170.822     5.550
   26100  -177.504    -5.713
   26200  -176.440     0.932
   26300  -168.245    -2.911
   26400  -171.949    -4.069
   26500  -182.048   -12.428
   26600  -183.659     8.183
   26700  -169.835    -1.238
   26800  -180.779    -8.205
   26900  -174.810    -2.055
   27000  -172.568     2.846
   27100  -166.401    -3.966
   27200  -172.806    -3.775
   27300  -174.205    -6.338
   27400  -178.807     3.935
   27500  -180.043     2.866
   27600  -170.532    -2.273
   27700  -163.045     3.147
   27800  -174.223     4.656
   27900  -166.660     2.834
   28000  -181.630     1.194
   28100  -179.480     0.563
   28200  -166.433     0.784
   28300  -182.893     3.826
   28400  -176.642    -1.518
   28500  -175.760     4.495
   28600  -171.759    -4.738
   28700  -174.257     2.394
   28800  -172.549    -0.954
   28900  -170.746    -4.871
   29000  -166.228     0.851
   29100  -171.966     8.992
   29200  -177.169     4.401
   29300  -168.044    -3.539
   29400  -171.886     5.128
   29500  -173.834    -0.325
   29600  -169.095     3.817
   29700  -182.865    -2.749
   29800  -168.280    -2.429
   29900  -180.134   -12.312
   30000  -177.151    -2.668
   30100  -174.701    -0.894
   30200  -179.504    -1.101
   30300  -173.593     1.857
   30400  -170.001     4.236
   30500  -171.788    -0.220
   30600  -172.694    -0.857
   30700  -175.795    -0.312
   30800  -172.877    -0.312
   30900  -171.192     3.516
   31000  -185.196    -4.357
   31100  -180.561    -1.441
   31200  -173.849    -4.802
   31300  -174.051    -1.721
   31400  -180.009     0.978
   31500  -172.198     0.138
   31600  -175.150     7.742
   31700  -176.684     1.138
   31800  -175.034    -2.392
   31900  -185.857    -3.651
   32000  -177.508    -9.589
   32100  -177.674    -2.166
   32200  -172.989    -8.926
   32300  -172.035    -2.909
   32400  -175.495   -14.040
   32500  -170.027     2.599
   32600  -177.463    -5.547
   32700  -171.174     4.083
   32800  -170.822   -10.206
   32900  -178.007     5.255
   33000  -173.139     1.647
   33100  -165.149     2.425
   33200  -173.919    -6.342
   33300  -173.129     0.388
   33400  -176.468   -12.840
   33500  -173.743    -6.419
   33600  -180.057    -4.404
   33700  -174.769    -6.708
   33800  -179.259   -13.463
   33900  -176.447    -7.218
   34000  -181.724     6.494
   34100  -178.376    -4.478
   34200  -170.822     3.451
   34300  -171.837     5.775
   34400  -181.418     7.263
   34500  -170.742    -8.596
   34600  -177.447     6.812
   34700  -172.158     3.865
   34800  -174.898     5.526
   34900  -172.695     5.920
   35000  -176.196    -2.068
   35100  -182.004     6.277
   35200  -181.871    -4.603
   35300  -172.416     1.531
   35400  -178.195   -10.682
   35500  -171.133     3.674
   35600  -168.373    -8.499
   35700  -173.560     6.589
   35800  -171.049    -5.534
   35900  -175.050    -0.473
   36000  -176.930    -0.390
   36100  -174.618    -0.907
   36200  -175.932    -1.653
   36300  -174.449     1.915
   36400  -178.448     5.571
   36500  -173.875    -6.502
   36600  -173.916     5.128
   36700  -180.364    -8.196
   36800  -172.830     7.420
   36900  -172.548     2.119
   37000  -179.200     4.035
   37100  -175.867    -1.341
   37200  -176.376     5.566
   37300  -173.587    -5.825
   37400  -174.860     5.308
   37500  -177.806    -6.761
   37600  -174.718     7.053
   37700  -162.200    -1.824
   37800  -165.898     5.708
   37900  -174.199     0.804
   38000  -171.710     7.333
   38100  -171.111     4.169
   38200  -176.931     0.163
   38300  -166.629     1.818
   38400  -178.158    -2.870
   38500  -173.856    -1.175
   38600  -180.338     0.921
   38700  -174.451    -1.104
   38800  -179.197     3.862
   38900  -179.556    -1.830
   39000  -175.381    -5.039
   39100  -183.525    -1.092
   39200  -182.354    -5.114
   39300  -175.954    -8.863
   39400  -181.869    -2.541
   39500  -175.301    -1.605
   39600  -177.774     9.422
   39700  -178.053    10.066
   39800  -176.062     2.538
   39900  -180.035    -5.405
   40000  -174.006    -1.728
   40100  -185.202     8.056
   40200  -164.451    -0.532
   40300  -174.747     4.480
   40400  -172.879     1.189
   40500  -170.177    -6.134
   40600  -179.294     0.844
   40700  -185.435    -7.216
   40800  -167.334    -8.960
   40900  -178.433   -15.389
   41000  -175.530     1.973
   41100  -172.720     0.501
   41200  -171.503    -1.688
   41300  -173.837    -0.161
   41400  -163.337     5.269
   41500  -174.430    -0.999
   41600  -173.378     2.089
   41700  -174.520    -4.721
   41800  -174.228    -5.502
   41900  -181.901     8.035
   42000  -177.590    -3.304
   42100  -171.320    -8.375
   42200  -178.570     4.504
   42300  -177.174     0.928
   42400  -174.670     2.092
   42500  -172.967    -7.806
   42600  -176.888    -0.816
   42700  -178.153     7.599
   42800  -170.179    -4.382
   42900  -165.674    -9.459
   43000  -171.394     1.518
   43100  -172.106    -1.663
   43200  -171.016    -3.521
   43300  -166.211     3.931
   43400  -175.215    -3.738
   43500  -176.767     6.777
   43600  -175.466    -4.771
   43700  -174.847    -7.387
   43800  -169.076    -4.750
   43900  -170.593    -8.749
   44000  -171.187    -4.321
   44100  -169.326    10.233
   44200  -171.870    -0.526
   44300  -168.506    -4.833
   44400  -177.006    -5.372
   44500  -171.926     3.050
   44600  -176.033     0.195
   44700  -175.167     3.116
   44800  -171.429    -2.180
   44900  -180.443    -7.908
   45000  -167.588    -5.709
   45100  -166.049    -4.866
   45200  -188.616     5.818
   45300  -177.463     8.558
   45400  -180.721    -6.726
   45500  -172.517    -7.288
   45600  -177.304    -4.431
   45700  -181.167     1.029
   45800  -177.391     9.730
   45900  -170.676    -3.537
   46000  -172.169     1.497
   46100  -174.258   -10.644
   46200  -181.142     3.470
   46300  -177.071    -2.682
   46400  -174.395    -1.349
   46500  -173.650    -2.354
   46600  -170.535    -4.380
   46700  -182.446    -3.978
   46800  -176.600     3.652
   46900  -170.949    -9.882
   47000  -175.029    -1.838
   47100  -171.784     4.901
   47200  -180.480    -9.883
   47300  -170.274    -3.774
   47400  -178.962    -0.467
   47500  -177.162    -6.608
   47600  -175.411    -8.889
   47700  -173.523    -0.450
   47800  -173.562    -0.104
   47900  -177.321    -3.721
   48000  -177.096    -3.156
   48100  -178.999    -4.076
   48200  -178.018    -7.717
   48300  -175.275     2.380
   48400  -173.590    -1.292
   48500  -171.964    -4.210
   48600  -173.509    -1.329
   48700  -176.606    -2.136
   48800  -177.031    -6.691
   48900  -179.136     0.256
   49000  -171.271    -0.847
   49100  -169.571     3.195
   49200  -174.920    -1.828
   49300  -177.792    -3.060
   49400  -183.032    -4.208
   49500  -173.901    -7.929
   49600  -176.811     2.872
   49700  -169.578     8.802
   49800  -172.826    -6.861
   49900  -165.002    -2.511
