0.010000 0.000703
0.010000 0.003848
0.010000 -0.000561
0.010000 -0.007716
0.010000 -0.005690
0.010000 0.019826
0.010000 0.036869
0.010000 0.058775
0.010000 0.066290
0.010000 0.062123
0.010000 0.067526
0.010000 0.065755
0.010000 0.060633
0.010000 0.062552
0.010000 0.061491
0.010000 0.045993
0.010000 0.034435
0.010000 0.047961
0.010000 0.060399
0.010000 0.080573
0.010000 0.064555
0.010000 0.083461
0.010000 0.086203
0.010000 0.090775
0.010000 0.068171
0.010000 0.058490
0.010000 0.056049
0.010000 0.041305
0.010000 0.057754
0.010000 0.048215
0.010000 0.033659
0.010000 0.042444
0.010000 0.038252
0.010000 0.032283
0.010000 0.030114
0.010000 0.063659
0.010000 0.055549
0.010000 0.080119
0.010000 0.084822
0.010000 0.088897
0.010000 0.094327
0.010000 0.101071
0.010000 0.079052
0.010000 0.075824
0.010000 0.074261
0.010000 0.088203
0.010000 0.056199
0.010000 0.030855
0.010000 0.029974
0.010000 0.043159
0.010000 0.031647
0.010000 0.046253
0.010000 0.050005
0.010000 0.052568
0.010000 0.032186
0.010000 0.035367
0.010000 0.029568
0.010000 0.040119
0.010000 0.038270
0.010000 0.040672
0.010000 0.036612
0.010000 0.026917
0.010000 0.044681
0.010000 0.033915
0.010000 0.040481
0.010000 0.024718
0.010000 0.033317
0.010000 0.015162
0.010000 0.026481
0.010000 0.024341
0.010000 0.001725
0.010000 0.020279
0.010000 0.020034
0.010000 0.006820
0.010000 -0.007671
0.010000 -0.020621
0.010000 0.005901
0.010000 0.017002
0.010000 0.023963
0.010000 0.022130
0.010000 0.016309
0.010000 0.014803
0.010000 0.012947
0.010000 0.016154
0.010000 0.014675
0.010000 0.033480
0.010000 0.043660
0.010000 0.050510
0.010000 0.045272
0.010000 0.058651
0.010000 0.046679
0.010000 0.063085
0.010000 0.064887
0.010000 0.073167
0.010000 0.091420
0.010000 0.089052
0.010000 0.087756
0.010000 0.075046
0.010000 0.058652
0.010000 0.051385
0.100000 0.111055
0.100000 0.184950
0.100000 0.179734
0.100000 0.181643
0.100000 0.185990
0.100000 0.206481
0.100000 0.282566
0.100000 0.302608
0.100000 0.298771
0.100000 0.348456
0.100000 0.359331
0.100000 0.372373
0.100000 0.416927
0.100000 0.467399
0.100000 0.515361
0.100000 0.610382
0.100000 0.631002
0.100000 0.776303
0.100000 0.704528
0.100000 0.751595
0.100000 0.751296
0.100000 0.750893
0.100000 0.790013
0.100000 0.863333
0.100000 0.831323
0.100000 0.862190
0.100000 0.844544
0.100000 0.800449
0.100000 0.906658
0.100000 0.959300
0.100000 0.953462
0.100000 0.942075
0.100000 0.906540
0.100000 0.904864
0.100000 0.902047
0.100000 0.904389
0.100000 0.938603
0.100000 1.014150
0.100000 1.029455
0.100000 0.984269
0.100000 0.994933
0.100000 1.030995
0.100000 1.031864
0.100000 1.053515
0.100000 1.121123
0.100000 1.091113
0.100000 1.059402
0.100000 1.057186
0.100000 0.994161
0.100000 1.002445
0.100000 0.983130
0.100000 0.943974
0.100000 1.003583
0.100000 1.043875
0.100000 1.029201
0.100000 1.032678
0.100000 1.031148
0.100000 0.955532
0.100000 1.000513
0.100000 0.989827
0.100000 1.042843
0.100000 1.062179
0.100000 1.015749
0.100000 1.106473
0.100000 1.034374
0.100000 1.061814
0.100000 1.112033
0.100000 1.081989
0.100000 1.075861
0.100000 1.069678
0.100000 1.028458
0.100000 0.998185
0.100000 0.999025
0.100000 1.001447
0.100000 0.936223
0.100000 0.892424
0.100000 0.907842
0.100000 0.944958
0.100000 0.943081
0.100000 1.034163
0.100000 1.052578
0.100000 1.092564
0.100000 1.047650
0.100000 1.068788
0.100000 1.026993
0.100000 1.067445
0.100000 0.938080
0.100000 0.951668
0.100000 0.987133
0.100000 0.993399
0.100000 1.037333
0.100000 1.089714
0.100000 1.116712
0.100000 1.107388
0.100000 1.154541
0.100000 1.240362
0.100000 1.181389
0.100000 1.132242
0.100000 1.082002
0.100000 0.975328
0.300000 0.839218
0.300000 0.933933
0.300000 0.962530
0.300000 1.066467
0.300000 1.009770
0.300000 0.934439
0.300000 0.921931
0.300000 0.870429
0.300000 0.806845
0.300000 0.826974
0.300000 0.805151
0.300000 0.865955
0.300000 0.892175
0.300000 0.897112
0.300000 0.884349
0.300000 0.859437
0.300000 0.729405
0.300000 0.765782
0.300000 0.712351
0.300000 0.633713
0.300000 0.731714
0.300000 0.673641
0.300000 0.768358
0.300000 0.786624
0.300000 0.731787
0.300000 0.815506
0.300000 0.832250
0.300000 0.843184
0.300000 0.867100
0.300000 0.890194
0.300000 0.859050
0.300000 0.931058
0.300000 0.913348
0.300000 0.924003
0.300000 0.881078
0.300000 0.881374
0.300000 1.003645
0.300000 1.061075
0.300000 1.098902
0.300000 1.071666
0.300000 0.928632
0.300000 0.888713
0.300000 0.940978
0.300000 1.018952
0.300000 0.916839
0.300000 1.055298
0.300000 1.033220
0.300000 1.087166
0.300000 1.093290
0.300000 1.031535
0.300000 0.983788
0.300000 0.922847
0.300000 0.939337
0.300000 0.776992
0.300000 0.932591
0.300000 0.970757
0.300000 0.945056
0.300000 0.961268
0.300000 0.900630
0.300000 0.945974
0.300000 1.057376
0.300000 0.945476
0.300000 1.061588
0.300000 1.042887
0.300000 1.012499
0.300000 0.992937
0.300000 0.868591
0.300000 0.876408
0.300000 0.968490
0.300000 1.000842
0.300000 0.989662
0.300000 1.051786
0.300000 0.989361
0.300000 0.982697
0.300000 1.023244
0.300000 1.072280
0.300000 1.001151
0.300000 1.024117
0.300000 0.979306
0.300000 0.934186
0.300000 0.889749
0.300000 0.983951
0.300000 1.010382
0.300000 0.943843
0.300000 1.011016
0.300000 0.903635
0.300000 0.910142
0.300000 0.943873
0.300000 0.873532
0.300000 0.823084
0.300000 0.861176
0.300000 0.832014
0.300000 0.846502
0.300000 0.764857
0.300000 0.920212
0.300000 0.867322
0.300000 0.948146
0.300000 0.915981
0.300000 0.933550
0.300000 0.984998
0.400000 0.961402
0.400000 0.887458
0.400000 0.999361
0.400000 0.914340
0.400000 1.025273
0.400000 1.043993
0.400000 1.036185
0.400000 1.121864
0.400000 1.226496
0.400000 1.307043
0.400000 1.246224
0.400000 1.278927
0.400000 1.063415
0.400000 1.216983
0.400000 1.016548
0.400000 1.084668
0.400000 1.053754
0.400000 0.944916
0.400000 0.892472
0.400000 0.986287
0.400000 1.022473
0.400000 1.069418
0.400000 1.013135
0.400000 1.032520
0.400000 1.005052
0.400000 0.991226
0.400000 1.016127
0.400000 0.958690
0.400000 0.785019
0.400000 0.999688
0.400000 0.885236
0.400000 0.832790
0.400000 0.910027
0.400000 1.056465
0.400000 1.104491
0.400000 1.001612
0.400000 0.981148
0.400000 1.015986
0.400000 1.018946
0.400000 1.037902
0.400000 0.992064
0.400000 0.966864
0.400000 0.808915
0.400000 0.756653
0.400000 0.774949
0.400000 0.881250
0.400000 0.817622
0.400000 0.769099
0.400000 0.933231
0.400000 0.866620
0.400000 0.926127
0.400000 1.033056
0.400000 0.946671
0.400000 0.753921
0.400000 0.806782
0.400000 0.968775
0.400000 1.083401
0.400000 1.043129
0.400000 1.224618
0.400000 1.068228
0.400000 1.049165
0.400000 1.176558
0.400000 1.111905
0.400000 1.074971
0.400000 1.066634
0.400000 0.953643
0.400000 1.028002
0.400000 1.055501
0.400000 1.034895
0.400000 1.183665
0.400000 1.113164
0.400000 1.161533
0.400000 1.053214
0.400000 1.040235
0.400000 1.044194
0.400000 0.827835
0.400000 0.997107
0.400000 1.107056
0.400000 1.017348
0.400000 1.010544
0.400000 0.957479
0.400000 0.825665
0.400000 0.828916
0.400000 1.000301
0.400000 0.935145
0.400000 0.863212
0.400000 0.946507
0.400000 1.085328
0.400000 1.026986
0.400000 0.996147
0.400000 0.977911
0.400000 1.070917
0.400000 0.914814
0.400000 1.020484
0.400000 1.043452
0.400000 0.974742
0.400000 1.033363
0.400000 0.974565
0.400000 1.159565
0.400000 1.137459
0.400000 1.016415
0.400000 0.987659
0.400000 1.032084
0.400000 1.038508
0.400000 1.036270
0.400000 0.922545
0.400000 0.908778
0.400000 0.925602
0.400000 1.053351
0.400000 1.000293
0.400000 0.917050
0.400000 0.902630
0.400000 1.037365
0.400000 1.028793
0.400000 0.889766
0.400000 0.905576
0.400000 0.976618
0.400000 0.907759
0.400000 0.900655
0.400000 0.941240
0.400000 0.934760
0.400000 0.970922
0.400000 0.852033
0.400000 0.842074
0.400000 0.827557
0.400000 0.827854
0.400000 0.982562
0.400000 0.953249
0.400000 0.995662
0.400000 0.877316
0.400000 0.827738
0.400000 0.748551
0.400000 0.675062
0.400000 0.738095
0.400000 0.925269
0.400000 1.046102
0.400000 0.781049
0.400000 0.828019
0.400000 0.974851
0.400000 1.101702
0.400000 0.975867
0.400000 1.002698
0.400000 1.081572
0.400000 1.011123
0.400000 1.031678
0.400000 0.918232
0.400000 0.885103
0.400000 1.122046
0.400000 1.043102
0.400000 0.931011
0.400000 0.868468
0.400000 1.030720
0.400000 1.047186
0.400000 1.056837
0.400000 1.080979
0.400000 1.089368
0.400000 1.125414
0.400000 1.140031
0.400000 1.118652
0.400000 1.021196
0.400000 1.045182
0.400000 1.113137
0.400000 1.146231
0.400000 1.152679
0.400000 0.895587
0.400000 0.758646
0.400000 0.831046
0.400000 0.929076
0.400000 0.917785
0.400000 0.955095
0.400000 1.068259
0.400000 1.106979
0.400000 1.081878
0.400000 1.101560
0.400000 1.158868
0.400000 1.155493
0.400000 1.173639
0.400000 1.036790
0.400000 1.000918
0.400000 0.989082
0.400000 1.088405
0.400000 1.043719
0.400000 1.181783
0.400000 1.109230
0.400000 0.928853
0.400000 1.038782
0.400000 0.930376
0.400000 0.909926
0.400000 1.079669
0.400000 1.263919
0.400000 1.273856
0.400000 1.192275
0.400000 1.040397
0.400000 1.147481
0.400000 1.155930
0.400000 1.300284
0.400000 1.146865
0.400000 0.964685
0.400000 0.890159
0.400000 0.817051
0.300000 0.850532
0.300000 0.848286
0.300000 0.771375
0.300000 0.735961
0.300000 0.723792
0.300000 0.654109
0.300000 0.659114
0.300000 0.538984
0.300000 0.430984
0.300000 0.572427
0.300000 0.610183
0.300000 0.490029
0.300000 0.490056
0.300000 0.464336
0.300000 0.480964
0.300000 0.538403
0.300000 0.636566
0.300000 0.636050
0.300000 0.544974
0.300000 0.524632
0.300000 0.508376
0.300000 0.458249
0.300000 0.426427
0.300000 0.317628
0.300000 0.412084
0.300000 0.351715
0.300000 0.510534
0.300000 0.488392
0.300000 0.566365
0.300000 0.464929
0.300000 0.420506
0.300000 0.498615
0.300000 0.488513
0.300000 0.569150
0.300000 0.492963
0.300000 0.482658
0.300000 0.421437
0.300000 0.420182
0.300000 0.411689
0.300000 0.443737
0.300000 0.593055
0.300000 0.583534
0.300000 0.552043
0.300000 0.601166
0.300000 0.593233
0.300000 0.523877
0.300000 0.496454
0.300000 0.636755
0.300000 0.751775
0.300000 0.842389
0.300000 0.769042
0.300000 0.632520
0.300000 0.792267
0.300000 0.942162
0.300000 1.052895
0.300000 1.055503
0.300000 0.949747
0.300000 1.061217
0.300000 1.138037
0.300000 1.146174
0.300000 1.151061
0.300000 1.205534
0.300000 1.073877
0.300000 1.180408
0.300000 1.115821
0.300000 1.137182
0.300000 1.021014
0.300000 1.072196
0.300000 1.088926
0.300000 1.149347
0.300000 1.165915
0.300000 1.113558
0.300000 0.868685
0.300000 0.754042
0.300000 0.824840
0.300000 0.939311
0.300000 0.863368
0.300000 0.956570
0.300000 0.920329
0.300000 0.864683
0.300000 0.902901
0.300000 0.997040
0.300000 0.994242
0.300000 1.037744
0.300000 1.082454
0.300000 1.020282
0.300000 1.066776
0.300000 1.019306
0.300000 0.807403
0.300000 0.745392
0.300000 0.908935
0.300000 0.769078
0.300000 0.951748
0.300000 0.959825
0.300000 1.005200
0.300000 0.952370
0.300000 1.008714
0.300000 1.045021
0.300000 1.207014
0.300000 1.067159
0.100000 1.057731
0.100000 1.036392
0.100000 1.006409
0.100000 0.989217
0.100000 0.988078
0.100000 0.988509
0.100000 0.997773
0.100000 1.027704
0.100000 0.943197
0.100000 0.910126
0.100000 0.922437
0.100000 0.876624
0.100000 0.860780
0.100000 0.869439
0.100000 0.960635
0.100000 0.950916
0.100000 0.922221
0.100000 0.915398
0.100000 0.909439
0.100000 0.908469
0.100000 0.903551
0.100000 0.893834
0.100000 0.956562
0.100000 0.877293
0.100000 0.850179
0.100000 0.857777
0.100000 0.920239
0.100000 0.851978
0.100000 0.820595
0.100000 0.910088
0.100000 0.939498
0.100000 0.950240
0.100000 0.995106
0.100000 0.973828
0.100000 0.971736
0.100000 0.964302
0.100000 0.966588
0.100000 0.921723
0.100000 0.927111
0.100000 0.890275
0.100000 0.898861
0.100000 0.952010
0.100000 0.961617
0.100000 0.982413
0.100000 1.021377
0.100000 1.089355
0.100000 1.029786
0.100000 1.018090
0.100000 1.034886
0.100000 1.122434
0.100000 1.121119
0.100000 1.095860
0.100000 1.057683
0.100000 0.942353
0.100000 0.897979
0.100000 0.867562
0.100000 0.938141
0.100000 0.973449
0.100000 0.998854
0.100000 1.092965
0.100000 1.050215
0.100000 1.050449
0.100000 1.099635
0.100000 1.078207
0.100000 0.999889
0.100000 0.984886
0.100000 0.907728
0.100000 0.924351
0.100000 0.929429
0.100000 0.965450
0.100000 0.945005
0.100000 1.012216
0.100000 1.085875
0.100000 1.065089
0.100000 1.079464
0.100000 1.029971
0.100000 1.058950
0.100000 1.075638
0.100000 1.077900
0.100000 1.056514
0.100000 1.155559
0.100000 1.149045
0.100000 1.129737
0.100000 1.089235
0.100000 1.015330
0.100000 1.062540
0.100000 1.005407
0.100000 0.997038
0.100000 0.930190
0.100000 0.920677
0.100000 1.003489
0.100000 0.985239
0.100000 0.991715
0.100000 0.954225
0.100000 0.959984
0.100000 0.909170
0.100000 0.963120
0.100000 0.965363
0.100000 0.974899
0.100000 0.976182
0.010000 0.967738
0.010000 0.970710
0.010000 0.975271
0.010000 0.969152
0.010000 0.976427
0.010000 0.958173
0.010000 0.968241
0.010000 0.977070
0.010000 0.991285
0.010000 0.966878
0.010000 0.963681
0.010000 0.967859
0.010000 0.984086
0.010000 0.990039
0.010000 0.975682
0.010000 1.001966
0.010000 0.992729
0.010000 0.979018
0.010000 0.993544
0.010000 0.999121
0.010000 0.998279
0.010000 1.011356
0.010000 0.994309
0.010000 0.981157
0.010000 0.992976
0.010000 0.966702
0.010000 0.951729
0.010000 0.956526
0.010000 0.969625
0.010000 0.965737
0.010000 0.967562
0.010000 0.947584
0.010000 0.931504
0.010000 0.909344
0.010000 0.920009
0.010000 0.897494
0.010000 0.927536
0.010000 0.916170
0.010000 0.928523
0.010000 0.932511
0.010000 0.936285
0.010000 0.925022
0.010000 0.931854
0.010000 0.959271
0.010000 0.920045
0.010000 0.934051
0.010000 0.940219
0.010000 0.927239
0.010000 0.898699
0.010000 0.876023
0.010000 0.873816
0.010000 0.856479
0.010000 0.867209
0.010000 0.850099
0.010000 0.847841
0.010000 0.857783
0.010000 0.878156
0.010000 0.876430
0.010000 0.899812
0.010000 0.902258
0.010000 0.927480
0.010000 0.912950
0.010000 0.871969
0.010000 0.866254
0.010000 0.858972
0.010000 0.870829
0.010000 0.883251
0.010000 0.878154
0.010000 0.888143
0.010000 0.897260
0.010000 0.912475
0.010000 0.892161
0.010000 0.890834
0.010000 0.928613
0.010000 0.929318
0.010000 0.914070
0.010000 0.903854
0.010000 0.900272
0.010000 0.911572
0.010000 0.932720
0.010000 0.948390
0.010000 0.932600
0.010000 0.934122
0.010000 0.934165
0.010000 0.946873
0.010000 0.928317
0.010000 0.925277
0.010000 0.918734
0.010000 0.924962
0.010000 0.891017
0.010000 0.888259
0.010000 0.909041
0.010000 0.928296
0.010000 0.923687
0.010000 0.931794
0.010000 0.960479
0.010000 0.958793
0.010000 0.957518
0.010000 0.938286
0.010000 0.941716
0.010000 0.953886
0.010000 0.940970
0.010000 0.935204
0.010000 0.927169
0.010000 0.916719
0.010000 0.901238
0.010000 0.898875
0.010000 0.888516
0.010000 0.889614
0.010000 0.891599
0.010000 0.878333
0.010000 0.912336
0.010000 0.904023
0.010000 0.915442
0.010000 0.933354
0.010000 0.949904
0.010000 0.942523
0.010000 0.940326
0.010000 0.937395
0.010000 0.945882
0.010000 0.920445
0.010000 0.932245
0.010000 0.916053
0.010000 0.906718
0.010000 0.909605
0.010000 0.910435
0.010000 0.935309
0.010000 0.946460
0.010000 0.939976
0.010000 0.932710
0.010000 0.916887
0.010000 0.899830
0.010000 0.907299
0.010000 0.899110
0.010000 0.917278
0.010000 0.919941
0.010000 0.908096
0.010000 0.910958
0.010000 0.877829
0.010000 0.892107
0.010000 0.904042
0.010000 0.902311
0.010000 0.904621
0.010000 0.916496
0.010000 0.905995
0.010000 0.893493
0.010000 0.901660
0.010000 0.893014
0.010000 0.884387
0.010000 0.871443
0.010000 0.882651
0.010000 0.909055
0.010000 0.920495
0.010000 0.936943
0.010000 0.945153
0.010000 0.964638
0.010000 0.977944
0.010000 0.970146
0.010000 0.981841
0.010000 0.988872
0.010000 0.987496
0.010000 0.981592
0.010000 0.974195
0.010000 0.992113
0.010000 1.000230
0.010000 0.992096
0.010000 1.008913
0.010000 0.991906
0.010000 0.973414
0.010000 0.963244
0.010000 0.971089
0.010000 0.961958
0.010000 0.972854
0.010000 0.974760
0.010000 0.997657
0.010000 1.001558
0.010000 1.020316
0.010000 1.033015
0.010000 1.014185
0.010000 1.026076
0.010000 1.041219
0.010000 1.058588
0.010000 1.086093
0.010000 1.101986
0.010000 1.091401
0.010000 1.083440
0.010000 1.055557
0.010000 1.062668
0.010000 1.063875
0.010000 1.097570
0.010000 1.082262
0.010000 1.093647
0.010000 1.081189
0.010000 1.095433
0.010000 1.092330
0.010000 1.096863
0.010000 1.115018
0.010000 1.101877
0.010000 1.107961
0.010000 1.087996
0.100000 1.092961
0.100000 1.087619
0.100000 1.056155
0.100000 1.113075
0.100000 1.084453
0.100000 1.172156
0.100000 1.151776
0.100000 1.116406
0.100000 1.163198
0.100000 1.023448
0.100000 1.077369
0.100000 1.052527
0.100000 1.134855
0.100000 1.079968
0.100000 1.085155
0.100000 1.109605
0.100000 1.076595
0.100000 1.153068
0.100000 1.072005
0.100000 0.928542
0.100000 0.875004
0.100000 0.853323
0.100000 0.869810
0.100000 0.913435
0.100000 0.951093
0.100000 0.927843
0.100000 1.010531
0.100000 0.990974
0.100000 0.985954
0.100000 0.931747
0.100000 0.975708
0.100000 1.031326
0.100000 0.957568
0.100000 0.988715
0.100000 0.985072
0.100000 0.909692
0.100000 0.893202
0.100000 0.906200
0.100000 0.918625
0.100000 0.917582
0.100000 0.933638
0.100000 0.949329
0.100000 0.973704
0.100000 0.984702
0.100000 1.013318
0.100000 0.965802
0.100000 0.928903
0.100000 0.891862
0.100000 0.964650
0.100000 0.932165
0.100000 0.976089
0.100000 1.017361
0.100000 0.985917
0.100000 0.896475
0.100000 0.901274
0.100000 0.797622
0.100000 0.830193
0.100000 0.841752
0.100000 0.945580
0.100000 1.007773
0.100000 0.973151
0.100000 1.023308
0.100000 1.102681
0.100000 1.106504
0.100000 1.152685
0.100000 1.052488
0.100000 0.980989
0.100000 0.979198
0.100000 0.880214
0.100000 0.884665
0.100000 0.948900
0.100000 0.923037
0.100000 0.927950
0.100000 0.876134
0.100000 0.865065
0.100000 0.921394
0.100000 0.900500
0.100000 0.877641
0.100000 0.843190
0.100000 0.865658
0.100000 0.786735
0.100000 0.796868
0.100000 0.871967
0.100000 0.914643
0.100000 0.965810
0.100000 0.972528
0.100000 0.949485
0.100000 1.005937
0.100000 1.063453
0.100000 1.056159
0.100000 1.056464
0.100000 1.048090
0.100000 1.089130
0.100000 1.111280
0.100000 1.115689
0.100000 1.105657
0.100000 1.102038
0.100000 1.117314
0.100000 1.131281
0.100000 1.095216
