0.400000 0.068058
0.400000 0.130590
0.400000 0.110991
0.400000 0.228798
0.400000 0.081215
0.400000 0.015077
0.400000 0.072781
0.400000 0.110343
0.400000 0.243922
0.400000 0.338936
0.400000 0.542448
0.400000 0.519952
0.400000 0.454012
0.400000 0.561044
0.400000 0.533625
0.400000 0.643203
0.400000 0.657817
0.400000 0.714190
0.400000 0.934196
0.400000 0.978385
0.400000 1.080703
0.400000 1.212337
0.400000 1.122445
0.400000 1.170116
0.400000 1.165891
0.400000 1.138464
0.400000 1.145204
0.400000 1.294250
0.400000 0.990682
0.400000 1.014028
0.400000 0.898826
0.400000 0.746587
0.400000 0.820581
0.400000 0.926288
0.400000 0.860309
0.400000 0.923831
0.400000 0.872347
0.400000 0.932027
0.400000 0.997971
0.400000 1.033157
0.400000 0.895874
0.400000 0.914804
0.400000 1.129570
0.400000 1.220301
0.400000 0.960184
0.400000 0.741565
0.400000 0.878901
0.400000 0.988985
0.400000 0.809697
0.400000 0.979918
0.400000 0.970363
0.400000 1.110934
0.400000 1.084397
0.400000 1.132344
0.400000 0.966120
0.400000 1.036943
0.400000 1.173008
0.400000 1.117796
0.400000 1.063682
0.400000 0.789457
0.400000 0.864636
0.400000 0.835869
0.400000 0.818583
0.400000 0.776590
0.400000 0.793791
0.400000 0.854769
0.400000 0.736512
0.400000 0.765235
0.400000 0.751654
0.400000 0.800514
0.400000 0.787690
0.400000 0.822724
0.400000 0.677115
0.400000 0.749428
0.400000 0.929494
0.400000 1.047649
0.400000 1.182888
0.400000 1.251505
0.400000 1.292241
0.400000 1.092699
0.400000 1.201476
0.400000 0.920911
0.400000 0.985945
0.400000 1.120524
0.400000 0.896678
0.400000 0.903537
0.400000 0.968092
0.400000 1.047996
0.400000 1.038201
0.400000 0.994318
0.400000 1.068968
0.400000 1.086670
0.400000 1.242519
0.400000 1.147416
0.400000 0.963493
0.400000 0.978915
0.400000 0.911785
0.400000 1.016844
0.400000 1.098269
0.400000 0.846587
0.300000 0.779120
0.300000 0.747227
0.300000 0.741192
0.300000 0.740409
0.300000 0.783812
0.300000 0.733911
0.300000 0.723660
0.300000 0.754330
0.300000 0.638582
0.300000 0.606471
0.300000 0.566623
0.300000 0.613542
0.300000 0.623463
0.300000 0.517863
0.300000 0.541611
0.300000 0.563032
0.300000 0.711569
0.300000 0.743130
0.300000 0.629618
0.300000 0.648735
0.300000 0.696921
0.300000 0.728178
0.300000 0.715924
0.300000 0.710160
0.300000 0.837324
0.300000 0.864510
0.300000 0.636635
0.300000 0.681598
0.300000 0.899172
0.300000 0.797521
0.300000 0.723198
0.300000 0.658556
0.300000 0.756530
0.300000 0.664697
0.300000 0.626466
0.300000 0.579464
0.300000 0.692095
0.300000 0.833602
0.300000 0.751807
0.300000 0.784962
0.300000 0.773374
0.300000 0.672524
0.300000 0.582245
0.300000 0.585063
0.300000 0.499566
0.300000 0.353841
0.300000 0.251380
0.300000 0.205018
0.300000 0.312598
0.300000 0.306061
0.300000 0.203181
0.300000 0.134121
0.300000 0.164064
0.300000 0.203384
0.300000 0.254515
0.300000 0.144401
0.300000 0.103279
0.300000 0.120500
0.300000 0.200581
0.300000 0.241328
0.300000 0.228250
0.300000 0.288062
0.300000 0.166395
0.300000 0.072482
0.300000 0.089841
0.300000 0.051624
0.300000 0.026643
0.300000 0.172595
0.300000 0.070290
0.300000 -0.025813
0.300000 0.083127
0.300000 0.283368
0.300000 0.175314
0.300000 0.190632
0.300000 0.087935
0.300000 -0.044180
0.300000 -0.072414
0.300000 -0.040438
0.300000 -0.005417
0.300000 -0.074237
0.300000 -0.072745
0.300000 -0.107816
0.300000 -0.160688
0.300000 -0.072631
0.300000 -0.073420
0.300000 -0.001300
0.300000 -0.031017
0.300000 -0.008775
0.300000 0.039899
0.300000 0.111091
0.300000 0.303300
0.300000 0.177467
0.300000 0.135279
0.300000 0.229130
0.300000 0.254749
0.300000 0.353258
0.300000 0.435163
0.300000 0.529162
0.300000 0.614930
0.300000 0.704264
0.100000 0.745839
0.100000 0.729884
0.100000 0.709192
0.100000 0.782447
0.100000 0.808409
0.100000 0.789050
0.100000 0.794782
0.100000 0.753187
0.100000 0.792630
0.100000 0.814254
0.100000 0.814739
0.100000 0.865316
0.100000 0.872499
0.100000 0.893707
0.100000 0.947770
0.100000 0.899128
0.100000 0.910616
0.100000 0.885989
0.100000 0.865429
0.100000 0.900479
0.100000 0.989384
0.100000 0.951707
0.100000 0.977680
0.100000 0.971339
0.100000 1.002837
0.100000 1.020981
0.100000 0.952153
0.100000 0.946514
0.100000 0.890937
0.100000 0.923430
0.100000 0.966179
0.100000 0.942985
0.100000 0.991490
0.100000 0.950999
0.100000 1.030765
0.100000 0.949688
0.100000 0.951412
0.100000 1.007650
0.100000 0.947034
0.100000 0.921051
0.100000 0.959782
0.100000 0.969866
0.100000 0.921004
0.100000 0.950053
0.100000 0.969715
0.100000 0.964860
0.100000 1.000159
0.100000 0.982613
0.100000 0.998029
0.100000 1.054833
0.100000 1.020816
0.100000 0.978405
0.100000 0.898466
0.100000 0.898237
0.100000 0.918115
0.100000 0.925142
0.100000 1.023837
0.100000 1.012635
0.100000 1.020415
0.100000 1.033817
0.100000 1.110896
0.100000 1.099909
0.100000 1.031090
0.100000 1.028910
0.100000 0.989465
0.100000 0.948359
0.100000 0.940774
0.100000 1.003230
0.100000 1.011998
0.100000 1.058505
0.100000 1.030110
0.100000 1.001922
0.100000 1.044127
0.100000 1.104239
0.100000 1.129274
0.100000 1.056734
0.100000 1.086676
0.100000 1.077660
0.100000 1.072055
0.100000 1.071169
0.100000 0.990699
0.100000 0.981537
0.100000 0.937903
0.100000 1.023176
0.100000 0.979457
0.100000 0.913205
0.100000 0.825628
0.100000 0.847425
0.100000 0.807549
0.100000 0.832201
0.100000 0.856439
0.100000 0.800281
0.100000 0.791202
0.100000 0.794627
0.100000 0.770650
0.100000 0.801652
0.100000 0.827774
0.100000 0.857472
0.100000 0.891668
0.100000 0.906531
0.010000 0.902764
0.010000 0.897858
0.010000 0.896613
0.010000 0.912810
0.010000 0.916654
0.010000 0.912343
0.010000 0.921332
0.010000 0.911681
0.010000 0.920013
0.010000 0.925999
0.010000 0.929139
0.010000 0.947698
0.010000 0.960560
0.010000 0.959661
0.010000 0.941945
0.010000 0.965931
0.010000 0.985430
0.010000 0.975257
0.010000 0.931772
0.010000 0.911416
0.010000 0.903549
0.010000 0.919034
0.010000 0.918370
0.010000 0.933534
0.010000 0.929634
0.010000 0.935101
0.010000 0.953883
0.010000 0.954553
0.010000 0.937218
0.010000 0.938821
0.010000 0.929948
0.010000 0.923478
0.010000 0.953063
0.010000 0.971296
0.010000 0.958071
0.010000 0.954214
0.010000 0.946994
0.010000 0.937560
0.010000 0.937111
0.010000 0.954781
0.010000 0.949803
0.010000 0.941928
0.010000 0.955564
0.010000 0.960115
0.010000 0.978618
0.010000 0.985889
0.010000 0.971771
0.010000 0.952555
0.010000 0.916613
0.010000 0.893993
0.010000 0.898044
0.010000 0.875969
0.010000 0.907198
0.010000 0.906496
0.010000 0.926986
0.010000 0.941371
0.010000 0.967290
0.010000 1.012648
0.010000 1.049643
0.010000 1.040754
0.010000 1.032371
0.010000 1.019015
0.010000 1.022568
0.010000 1.029384
0.010000 1.057366
0.010000 1.039217
0.010000 1.036917
0.010000 1.045353
0.010000 1.035279
0.010000 1.021877
0.010000 1.022643
0.010000 1.002748
0.010000 0.994836
0.010000 0.984329
0.010000 0.981137
0.010000 0.973033
0.010000 0.980616
0.010000 0.984478
0.010000 0.982718
0.010000 0.985062
0.010000 0.957330
0.010000 0.939393
0.010000 0.956268
0.010000 0.961812
0.010000 0.963835
0.010000 0.969532
0.010000 0.955209
0.010000 0.950537
0.010000 0.963323
0.010000 0.984233
0.010000 0.984692
0.010000 0.994930
0.010000 1.019277
0.010000 1.005853
0.010000 1.034169
0.010000 1.011368
0.010000 1.014135
0.010000 1.015354
0.010000 1.004381
0.010000 1.013647
0.010000 1.028874
0.010000 1.028841
0.010000 1.049416
0.010000 1.053548
0.010000 1.045542
0.010000 1.052415
0.010000 1.055701
0.010000 1.072576
0.010000 1.059680
0.010000 1.086403
0.010000 1.102033
0.010000 1.068045
0.010000 1.072895
0.010000 1.060617
0.010000 1.080389
0.010000 1.077274
0.010000 1.102620
0.010000 1.086441
0.010000 1.094579
0.010000 1.104142
0.010000 1.106644
0.010000 1.137870
0.010000 1.163325
0.010000 1.147108
0.010000 1.139321
0.010000 1.156113
0.010000 1.159284
0.010000 1.151828
0.010000 1.155203
0.010000 1.169668
0.010000 1.167153
0.010000 1.152722
0.010000 1.128394
0.010000 1.118583
0.010000 1.088489
0.010000 1.085558
0.010000 1.065623
0.010000 1.072000
0.010000 1.067381
0.010000 1.089479
0.010000 1.076243
0.010000 1.067734
0.010000 1.072046
0.010000 1.050579
0.010000 1.039249
0.010000 1.049633
0.010000 1.055552
0.010000 1.064128
0.010000 1.072560
0.010000 1.066639
0.010000 1.073917
0.010000 1.073298
0.010000 1.088188
0.010000 1.054940
0.010000 1.076030
0.010000 1.068370
0.010000 1.073947
0.010000 1.079934
0.010000 1.060876
0.010000 1.051065
0.010000 1.068264
0.010000 1.053758
0.010000 1.024734
0.010000 1.041795
0.010000 1.032603
0.010000 1.036776
0.010000 1.033650
0.010000 1.027044
0.010000 1.026782
0.010000 1.061065
0.010000 1.078916
0.010000 1.097755
0.010000 1.110480
0.010000 1.107224
0.010000 1.098597
0.010000 1.074705
0.010000 1.066261
0.010000 1.065163
0.010000 1.055336
0.010000 1.037167
0.010000 0.997762
0.010000 0.986507
0.010000 0.983602
0.010000 0.982170
0.010000 0.973282
0.010000 0.996093
0.010000 0.986500
0.010000 0.979476
0.010000 0.984733
0.010000 0.974523
0.010000 0.967976
0.010000 0.974178
0.010000 0.984598
0.010000 0.987660
0.010000 0.999310
0.010000 1.016595
0.010000 1.029713
0.010000 1.021002
0.010000 1.017902
0.010000 1.027429
0.100000 1.018417
0.100000 1.021869
0.100000 1.026978
0.100000 0.905666
0.100000 0.856118
0.100000 0.960086
0.100000 1.011413
0.100000 0.974142
0.100000 0.910702
0.100000 0.882762
0.100000 0.824088
0.100000 0.809680
0.100000 0.845415
0.100000 0.814443
0.100000 0.778992
0.100000 0.802935
0.100000 0.852912
0.100000 0.911169
0.100000 0.951815
0.100000 0.970031
0.100000 0.926700
0.100000 0.972155
0.100000 0.987678
0.100000 0.979611
0.100000 0.956354
0.100000 0.967031
0.100000 1.065200
0.100000 1.101744
0.100000 1.171453
0.100000 1.153068
0.100000 1.180165
0.100000 1.148914
0.100000 1.192543
0.100000 1.217927
0.100000 1.141758
0.100000 1.125718
0.100000 1.144181
0.100000 1.181318
0.100000 1.134893
0.100000 1.199179
0.100000 1.217833
0.100000 1.266089
0.100000 1.254841
0.100000 1.326620
0.100000 1.211035
0.100000 1.214413
0.100000 1.209358
0.100000 1.268926
0.100000 1.218049
0.100000 1.242954
0.100000 1.220733
0.100000 1.222493
0.100000 1.208285
0.100000 1.265255
0.100000 1.244929
0.100000 1.137581
0.100000 1.150345
0.100000 1.194107
0.100000 1.131365
0.100000 1.085943
0.100000 0.975649
0.100000 0.957406
0.100000 1.052788
0.100000 1.021040
0.100000 0.940277
0.100000 0.977855
0.100000 1.002299
0.100000 0.993820
0.100000 1.028756
0.100000 1.068295
0.100000 1.030807
0.100000 1.061508
0.100000 1.082879
0.100000 1.114775
0.100000 1.067818
0.100000 1.145446
0.100000 1.128054
0.100000 1.135675
0.100000 1.058650
0.100000 1.048709
0.100000 1.044390
0.100000 1.050993
0.100000 1.019007
0.100000 0.986353
0.100000 0.925393
0.100000 0.880682
0.100000 0.962054
0.100000 0.945434
0.100000 1.013667
0.100000 0.989952
0.100000 0.975222
0.100000 0.932420
0.100000 0.940168
0.100000 0.948447
0.100000 0.959845
0.100000 0.958581
0.100000 0.932684
0.100000 0.943632
0.100000 0.880754
0.100000 0.903570
0.300000 0.824707
0.300000 0.818528
0.300000 0.827738
0.300000 0.890968
0.300000 0.848767
0.300000 0.805745
0.300000 0.928209
0.300000 0.918921
0.300000 1.118746
0.300000 1.105814
0.300000 1.143199
0.300000 1.225712
0.300000 1.324882
0.300000 1.234369
0.300000 1.192592
0.300000 1.111753
0.300000 1.169815
0.300000 1.105984
0.300000 1.054669
0.300000 0.994275
0.300000 1.110457
0.300000 1.110276
0.300000 1.008854
0.300000 1.126027
0.300000 0.974940
0.300000 1.007599
0.300000 1.122794
0.300000 1.021418
0.300000 1.067420
0.300000 1.111648
0.300000 1.153889
0.300000 1.080601
0.300000 1.163893
0.300000 1.070882
0.300000 0.960304
0.300000 0.938247
0.300000 1.037009
0.300000 1.014295
0.300000 0.928170
0.300000 1.015335
0.300000 0.909867
0.300000 1.123308
0.300000 1.137544
0.300000 1.151916
0.300000 1.002121
0.300000 0.969203
0.300000 0.955957
0.300000 0.986384
0.300000 0.992151
0.300000 0.917323
0.300000 0.797652
0.300000 0.723591
0.300000 0.749327
0.300000 0.625307
0.300000 0.653659
0.300000 0.813058
0.300000 0.952411
0.300000 1.058920
0.300000 1.114764
0.300000 1.148157
0.300000 1.013312
0.300000 1.028323
0.300000 1.043719
0.300000 1.141268
0.300000 1.061498
0.300000 0.917926
0.300000 0.973571
0.300000 0.952047
0.300000 0.974016
0.300000 0.934839
0.300000 0.791848
0.300000 0.970952
0.300000 0.930885
0.300000 0.863316
0.300000 0.810265
0.300000 0.778169
0.300000 0.878716
0.300000 0.968304
0.300000 0.882115
0.300000 0.877105
0.300000 0.879895
0.300000 0.993727
0.300000 1.001331
0.300000 0.952342
0.300000 0.910366
0.300000 0.807663
0.300000 0.808748
0.300000 0.987715
0.300000 0.975331
0.300000 1.050734
0.300000 1.145037
0.300000 1.080407
0.300000 1.259212
0.300000 1.167004
0.300000 0.972863
0.300000 1.007925
0.300000 1.056063
0.300000 1.034340
0.300000 1.177838
0.300000 1.226666
0.400000 1.063310
0.400000 1.223420
0.400000 1.134387
0.400000 1.112382
0.400000 1.051349
0.400000 1.063317
0.400000 0.962458
0.400000 0.969011
0.400000 0.927039
0.400000 0.975651
0.400000 1.095665
0.400000 0.991248
0.400000 0.912268
0.400000 0.936756
0.400000 0.999971
0.400000 0.985877
0.400000 0.888357
0.400000 0.947031
0.400000 1.028775
0.400000 1.001804
0.400000 0.872071
0.400000 0.942097
0.400000 0.939326
0.400000 0.967342
0.400000 0.922789
0.400000 0.835549
0.400000 0.947240
0.400000 1.005113
0.400000 0.999739
0.400000 1.071470
0.400000 1.064745
0.400000 1.024824
0.400000 0.986629
0.400000 1.117101
0.400000 1.194435
0.400000 1.118434
0.400000 1.236591
0.400000 1.089129
0.400000 0.950993
0.400000 1.012799
0.400000 0.946164
0.400000 0.863114
0.400000 0.959073
0.400000 0.911586
0.400000 0.889858
0.400000 0.800785
0.400000 0.672749
0.400000 0.747177
0.400000 0.822897
0.400000 1.040353
0.400000 1.139563
0.400000 1.045916
0.400000 1.046531
0.400000 1.103636
0.400000 1.127381
0.400000 0.905134
0.400000 0.848704
0.400000 0.958261
0.400000 1.056651
0.400000 1.158071
0.400000 0.848473
0.400000 1.034273
0.400000 1.085428
0.400000 0.765772
0.400000 0.907735
0.400000 1.009242
0.400000 0.994079
0.400000 0.938564
0.400000 0.854341
0.400000 1.013228
0.400000 0.958780
0.400000 1.099040
0.400000 1.025838
0.400000 1.100163
0.400000 1.188199
0.400000 1.245976
0.400000 1.212572
0.400000 1.012398
0.400000 0.964408
0.400000 1.086425
0.400000 1.255181
0.400000 1.105333
0.400000 1.169613
0.400000 1.265005
0.400000 1.237034
0.400000 1.388193
0.400000 1.390310
0.400000 1.364283
0.400000 1.111355
0.400000 1.055561
0.400000 1.194274
0.400000 1.091727
0.400000 1.120846
0.400000 1.179390
0.400000 0.949811
0.400000 1.042943
0.400000 1.014717
0.400000 1.091004
0.400000 1.166128
0.400000 1.146298
0.400000 1.183379
0.400000 1.027725
0.400000 0.940335
0.400000 1.044478
0.400000 0.970457
0.400000 0.954662
0.400000 1.040402
0.400000 1.196055
0.400000 0.982294
0.400000 0.910894
0.400000 0.985700
0.400000 1.015847
0.400000 0.998290
0.400000 1.014482
0.400000 1.213994
0.400000 0.899844
0.400000 0.942819
0.400000 0.986717
0.400000 1.023810
0.400000 0.980320
0.400000 0.984838
0.400000 0.906668
0.400000 0.984543
0.400000 0.794557
0.400000 0.992185
0.400000 1.072726
0.400000 1.132143
0.400000 1.006739
0.400000 0.960491
0.400000 0.875079
0.400000 0.875355
0.400000 0.892299
0.400000 1.013932
0.400000 1.005289
0.400000 0.831506
0.400000 0.768242
0.400000 0.832503
0.400000 0.956465
0.400000 0.924304
0.400000 0.749815
0.400000 0.781993
0.400000 0.838753
0.400000 0.832473
0.400000 0.879763
0.400000 0.777676
0.400000 0.729969
0.400000 0.763598
0.400000 0.886655
0.400000 1.088265
0.400000 1.030449
0.400000 1.148891
0.400000 0.976211
0.400000 0.908677
0.400000 0.920775
0.400000 1.044926
0.400000 0.869312
0.400000 0.825603
0.400000 0.887865
0.400000 0.747238
0.400000 0.644225
0.400000 0.596781
0.400000 0.701940
0.400000 0.648865
0.400000 0.933226
0.400000 0.886377
0.400000 0.867127
0.400000 1.029930
0.400000 0.893250
0.400000 1.016056
0.400000 1.090048
0.400000 1.158456
0.400000 0.918235
0.400000 1.065650
0.400000 0.943947
0.400000 1.196884
0.400000 1.074157
0.400000 0.947103
0.400000 0.802840
0.400000 0.839743
0.400000 0.910813
0.400000 0.766786
0.400000 0.822013
0.400000 0.931627
0.400000 0.963625
0.400000 1.038718
0.400000 0.909368
0.400000 0.895442
0.400000 0.993671
0.400000 1.016163
0.400000 1.090982
0.400000 1.099432
0.400000 1.135579
0.400000 1.235395
0.400000 1.280780
0.400000 1.062257
0.400000 1.045549
0.400000 1.194425
0.400000 1.183379
0.400000 1.232231
0.400000 1.068464
0.300000 1.071189
0.300000 1.150297
0.300000 1.073048
0.300000 1.083494
0.300000 0.993733
0.300000 1.012036
0.300000 1.046719
0.300000 1.047625
0.300000 1.066622
0.300000 1.078844
0.300000 0.985953
0.300000 0.965605
0.300000 0.848843
0.300000 0.982665
0.300000 0.992765
0.300000 0.950142
0.300000 0.972786
0.300000 1.016537
0.300000 0.991514
0.300000 0.975766
0.300000 1.041706
0.300000 1.155933
0.300000 0.975441
0.300000 0.977295
0.300000 1.093581
0.300000 0.983820
0.300000 1.131608
0.300000 0.921901
0.300000 0.880642
0.300000 0.794383
0.300000 0.889575
0.300000 0.997611
0.300000 1.149713
0.300000 1.176228
0.300000 1.224508
0.300000 1.259093
0.300000 1.280632
0.300000 1.193659
0.300000 1.146008
0.300000 1.030820
0.300000 1.036257
0.300000 1.075616
0.300000 0.928064
0.300000 0.764717
0.300000 0.829849
0.300000 0.933809
0.300000 1.000919
0.300000 1.089679
0.300000 1.161438
0.300000 1.025377
0.300000 1.024433
0.300000 1.010507
0.300000 0.916196
0.300000 0.871832
0.300000 0.697072
0.300000 0.800084
0.300000 0.839390
0.300000 0.946883
0.300000 0.934809
0.300000 0.839301
0.300000 0.981789
0.300000 0.998797
0.300000 0.998482
0.300000 0.912591
0.300000 0.982618
0.300000 0.998953
0.300000 0.911946
0.300000 0.910454
0.300000 0.980362
0.300000 1.070046
0.300000 0.915534
0.300000 0.907461
0.300000 0.765985
0.300000 0.749132
0.300000 0.880247
0.300000 0.827482
0.300000 0.866427
0.300000 0.905628
0.300000 0.885363
0.300000 0.864051
0.300000 0.913325
0.300000 0.907992
0.300000 0.823132
0.300000 0.944391
0.300000 0.986822
0.300000 0.946348
0.300000 1.067354
0.300000 1.080421
0.300000 1.059589
0.300000 1.096258
0.300000 1.151169
0.300000 1.036658
0.300000 0.991072
0.300000 1.083969
0.300000 1.135971
0.300000 1.107607
0.300000 1.080903
0.300000 1.005671
0.300000 1.008949
0.300000 1.064070
