0.300000 -0.138395
0.300000 -0.153940
0.300000 -0.066699
0.300000 -0.056990
0.300000 -0.133607
0.300000 -0.076750
0.300000 -0.075398
0.300000 -0.127341
0.300000 -0.252261
0.300000 -0.149658
0.300000 -0.081427
0.300000 -0.124812
0.300000 -0.109012
0.300000 -0.077768
0.300000 -0.141872
0.300000 -0.078167
0.300000 -0.225404
0.300000 -0.192332
0.300000 -0.050894
0.300000 -0.171626
0.300000 -0.140861
0.300000 0.060915
0.300000 0.189609
0.300000 0.188580
0.300000 0.305491
0.300000 0.379453
0.300000 0.504684
0.300000 0.485754
0.300000 0.455076
0.300000 0.385319
0.300000 0.406954
0.300000 0.368673
0.300000 0.437776
0.300000 0.463059
0.300000 0.388735
0.300000 0.391309
0.300000 0.310522
0.300000 0.318178
0.300000 0.351382
0.300000 0.342545
0.300000 0.494916
0.300000 0.529512
0.300000 0.637732
0.300000 0.685907
0.300000 0.893363
0.300000 0.977492
0.300000 1.028853
0.300000 0.992621
0.300000 0.881139
0.300000 0.917717
0.300000 0.900715
0.300000 0.940814
0.300000 1.047542
0.300000 1.068176
0.300000 1.147124
0.300000 1.112994
0.300000 1.247523
0.300000 1.251233
0.300000 1.288785
0.300000 1.361332
0.300000 1.094577
0.300000 0.963633
0.300000 1.023142
0.300000 1.136674
0.300000 1.146406
0.300000 1.225528
0.300000 1.208220
0.300000 1.188634
0.300000 1.227308
0.300000 1.252758
0.300000 1.446457
0.300000 1.300220
0.300000 1.300050
0.300000 1.298170
0.300000 1.310028
0.300000 1.455474
0.300000 1.358422
0.300000 1.494045
0.300000 1.377125
0.300000 1.591785
0.300000 1.501304
0.300000 1.577595
0.300000 1.609911
0.300000 1.517767
0.300000 1.520265
0.300000 1.336932
0.300000 1.356896
0.300000 1.408917
0.300000 1.406527
0.300000 1.369848
0.300000 1.349494
0.300000 1.301553
0.300000 1.289602
0.300000 1.126559
0.300000 1.069260
0.300000 1.055725
0.300000 1.174010
0.300000 1.166197
0.300000 1.113532
0.300000 1.082776
0.400000 0.974940
0.400000 0.947622
0.400000 1.093618
0.400000 0.956116
0.400000 0.990137
0.400000 0.988132
0.400000 0.912506
0.400000 0.927013
0.400000 0.990426
0.400000 1.065868
0.400000 0.966717
0.400000 0.979956
0.400000 0.973162
0.400000 1.088959
0.400000 1.015831
0.400000 0.901760
0.400000 0.853003
0.400000 1.038463
0.400000 1.128774
0.400000 1.269313
0.400000 1.281781
0.400000 1.144521
0.400000 1.113809
0.400000 0.995828
0.400000 1.014281
0.400000 0.965745
0.400000 1.113170
0.400000 1.079039
0.400000 1.011951
0.400000 0.932256
0.400000 0.943232
0.400000 0.908202
0.400000 0.755042
0.400000 0.667406
0.400000 0.676072
0.400000 0.727173
0.400000 0.829747
0.400000 0.882404
0.400000 0.952562
0.400000 0.922144
0.400000 0.978077
0.400000 1.100928
0.400000 1.117781
0.400000 1.100108
0.400000 1.121129
0.400000 1.000196
0.400000 1.007655
0.400000 1.194276
0.400000 1.130108
0.400000 0.925371
0.400000 0.865918
0.400000 0.974571
0.400000 0.984444
0.400000 0.992554
0.400000 1.036484
0.400000 0.920686
0.400000 0.969705
0.400000 1.017044
0.400000 0.854325
0.400000 0.835634
0.400000 0.749274
0.400000 0.924886
0.400000 0.866576
0.400000 0.982724
0.400000 0.973242
0.400000 0.852744
0.400000 0.908583
0.400000 0.865456
0.400000 0.802775
0.400000 0.872531
0.400000 0.824864
0.400000 0.833407
0.400000 0.789988
0.400000 0.877345
0.400000 0.967930
0.400000 1.079551
0.400000 1.021287
0.400000 1.066055
0.400000 1.020672
0.400000 0.995136
0.400000 1.041446
0.400000 1.082627
0.400000 1.103463
0.400000 1.135993
0.400000 1.053454
0.400000 0.973080
0.400000 0.998919
0.400000 0.916946
0.400000 0.825985
0.400000 0.710531
0.400000 0.702451
0.400000 0.866715
0.400000 0.762456
0.400000 0.869347
0.400000 0.920508
0.400000 0.825068
0.400000 0.788349
0.400000 0.893370
0.400000 0.952805
0.400000 0.879709
0.400000 0.864591
0.400000 0.965412
0.400000 1.024919
0.400000 0.781011
0.400000 0.831024
0.400000 0.757049
0.400000 0.838291
0.400000 0.956265
0.400000 0.888008
0.400000 0.873629
0.400000 0.865610
0.400000 0.805778
0.400000 1.032449
0.400000 1.033515
0.400000 0.912973
0.400000 0.807525
0.400000 0.975589
0.400000 0.971253
0.400000 0.996530
0.400000 1.109630
0.400000 0.983028
0.400000 0.924815
0.400000 0.881744
0.400000 0.921928
0.400000 0.913042
0.400000 0.921841
0.400000 0.957830
0.400000 0.790288
0.400000 0.883207
0.400000 0.924651
0.400000 0.852902
0.400000 1.133708
0.400000 1.318834
0.400000 0.839807
0.400000 1.036781
0.400000 1.033236
0.400000 0.898166
0.400000 0.885112
0.400000 0.729116
0.400000 0.888150
0.400000 0.981839
0.400000 1.051691
0.400000 1.055659
0.400000 1.164973
0.400000 1.060659
0.400000 1.163395
0.400000 0.988896
0.400000 1.039818
0.400000 1.074345
0.400000 0.958258
0.400000 1.069993
0.400000 1.067825
0.400000 1.026431
0.400000 1.046801
0.400000 0.925851
0.400000 1.094357
0.400000 1.005942
0.400000 1.112836
0.400000 0.947988
0.400000 1.046613
0.400000 0.993674
0.400000 0.853108
0.400000 0.820388
0.400000 0.948529
0.400000 1.049328
0.400000 0.984726
0.400000 1.050440
0.400000 1.168920
0.400000 1.156997
0.400000 1.207965
0.400000 1.216581
0.400000 1.218203
0.400000 1.382933
0.400000 1.305327
0.400000 1.171876
0.400000 1.268622
0.400000 1.321246
0.400000 1.261702
0.400000 1.195508
0.400000 1.317417
0.400000 1.194944
0.400000 1.431642
0.400000 1.271284
0.400000 1.159236
0.400000 1.190882
0.400000 1.119812
0.400000 1.036293
0.400000 0.906411
0.400000 1.011980
0.400000 1.045465
0.400000 1.114426
0.400000 1.159780
0.400000 1.209646
0.400000 1.176347
0.400000 1.135808
0.400000 1.086782
0.400000 1.115078
0.400000 1.296935
0.400000 1.349937
0.400000 1.398665
0.300000 0.967274
0.300000 0.931962
0.300000 0.927748
0.300000 1.018531
0.300000 0.981520
0.300000 0.946217
0.300000 0.901298
0.300000 0.962782
0.300000 1.067761
0.300000 1.010539
0.300000 1.070288
0.300000 1.099319
0.300000 1.151686
0.300000 1.139999
0.300000 1.209666
0.300000 1.092935
0.300000 1.146939
0.300000 0.992174
0.300000 0.922178
0.300000 0.983197
0.300000 0.955222
0.300000 0.941143
0.300000 0.939417
0.300000 0.907415
0.300000 0.918601
0.300000 1.103417
0.300000 1.106149
0.300000 1.121743
0.300000 0.998862
0.300000 1.104735
0.300000 1.161846
0.300000 1.228113
0.300000 1.271836
0.300000 1.042005
0.300000 1.082227
0.300000 1.107330
0.300000 0.957120
0.300000 1.015994
0.300000 0.986025
0.300000 1.035069
0.300000 0.955480
0.300000 1.098305
0.300000 1.026723
0.300000 0.875625
0.300000 0.951774
0.300000 0.999708
0.300000 1.011683
0.300000 1.047708
0.300000 1.127958
0.300000 1.093958
0.300000 1.215560
0.300000 1.157898
0.300000 1.059111
0.300000 1.084244
0.300000 1.007226
0.300000 1.042008
0.300000 1.005253
0.300000 0.967310
0.300000 0.997047
0.300000 1.094517
0.300000 1.088837
0.300000 1.133852
0.300000 1.077839
0.300000 1.199009
0.300000 1.288997
0.300000 1.255856
0.300000 1.364657
0.300000 1.351829
0.300000 1.383022
0.300000 1.348326
0.300000 1.363228
0.300000 1.434888
0.300000 1.399714
0.300000 1.491176
0.300000 1.511066
0.300000 1.390043
0.300000 1.287329
0.300000 1.364340
0.300000 1.419826
0.300000 1.393648
0.300000 1.449799
0.300000 1.531102
0.300000 1.534061
0.300000 1.459702
0.300000 1.501582
0.300000 1.459189
0.300000 1.392064
0.300000 1.324082
0.300000 1.282430
0.300000 1.200756
0.300000 1.153212
0.300000 1.271696
0.300000 1.143881
0.300000 1.115606
0.300000 1.190241
0.300000 1.133191
0.300000 1.125969
0.300000 1.059403
0.300000 1.036210
0.300000 1.037296
0.100000 1.039396
0.100000 1.015336
0.100000 0.935393
0.100000 0.969116
0.100000 0.934618
0.100000 1.003142
0.100000 1.062943
0.100000 1.107577
0.100000 1.088979
0.100000 1.069935
0.100000 1.151612
0.100000 1.167666
0.100000 1.125167
0.100000 1.056787
0.100000 1.007791
0.100000 0.949975
0.100000 0.907915
0.100000 1.012317
0.100000 1.061609
0.100000 1.056840
0.100000 1.017355
0.100000 1.047232
0.100000 1.063846
0.100000 1.087562
0.100000 1.064273
0.100000 1.037172
0.100000 0.941677
0.100000 0.980073
0.100000 0.890316
0.100000 0.928933
0.100000 0.975321
0.100000 0.949387
0.100000 0.947634
0.100000 0.991167
0.100000 0.979941
0.100000 0.968071
0.100000 0.931674
0.100000 0.889845
0.100000 0.897377
0.100000 0.929242
0.100000 0.952559
0.100000 1.039864
0.100000 1.084429
0.100000 0.997773
0.100000 0.926371
0.100000 1.017827
0.100000 1.018215
0.100000 1.082290
0.100000 1.069772
0.100000 0.989113
0.100000 1.027010
0.100000 1.011182
0.100000 1.030999
0.100000 0.937945
0.100000 0.885451
0.100000 0.923026
0.100000 0.931081
0.100000 0.979039
0.100000 1.067119
0.100000 0.996446
0.100000 1.037294
0.100000 1.070400
0.100000 1.081404
0.100000 1.137478
0.100000 1.167786
0.100000 1.190932
0.100000 1.200059
0.100000 1.211510
0.100000 1.209842
0.100000 1.152323
0.100000 1.138015
0.100000 1.145931
0.100000 1.168042
0.100000 1.129408
0.100000 1.224253
0.100000 1.211049
0.100000 1.228809
0.100000 1.220771
0.100000 1.222374
0.100000 1.161809
0.100000 1.087462
0.100000 1.052362
0.100000 1.045736
0.100000 1.010880
0.100000 1.010212
0.100000 0.981272
0.100000 0.989340
0.100000 1.016418
0.100000 0.985070
0.100000 0.981639
0.100000 0.921729
0.100000 0.946201
0.100000 0.934607
0.100000 1.012285
0.100000 0.993184
0.100000 1.039774
0.100000 1.007244
0.100000 1.018675
0.100000 1.030312
0.100000 1.057605
0.010000 1.054848
0.010000 1.067006
0.010000 1.055365
0.010000 1.039985
0.010000 1.049427
0.010000 1.055328
0.010000 1.041877
0.010000 1.054340
0.010000 1.061043
0.010000 1.078541
0.010000 1.065942
0.010000 1.041761
0.010000 1.039217
0.010000 1.038028
0.010000 1.035408
0.010000 1.026461
0.010000 1.010301
0.010000 0.982333
0.010000 0.988780
0.010000 0.994725
0.010000 1.013874
0.010000 1.031242
0.010000 1.022771
0.010000 1.012578
0.010000 1.021852
0.010000 1.020589
0.010000 1.016564
0.010000 1.008773
0.010000 0.994854
0.010000 1.005015
0.010000 1.014364
0.010000 1.016141
0.010000 1.008584
0.010000 1.015368
0.010000 1.001191
0.010000 1.004181
0.010000 1.006671
0.010000 0.991266
0.010000 0.992328
0.010000 0.973826
0.010000 1.000889
0.010000 1.005372
0.010000 0.983760
0.010000 0.974058
0.010000 0.981950
0.010000 0.980171
0.010000 0.954810
0.010000 0.962678
0.010000 0.967032
0.010000 0.958282
0.010000 0.968011
0.010000 0.981594
0.010000 0.978249
0.010000 1.007633
0.010000 1.004661
0.010000 1.029488
0.010000 1.003299
0.010000 1.002084
0.010000 0.972902
0.010000 0.958149
0.010000 0.953423
0.010000 0.948785
0.010000 0.963042
0.010000 0.974843
0.010000 0.966865
0.010000 0.962684
0.010000 0.997001
0.010000 1.009416
0.010000 1.007125
0.010000 1.002388
0.010000 1.002089
0.010000 0.988762
0.010000 0.984336
0.010000 0.963184
0.010000 0.943090
0.010000 0.957197
0.010000 0.964354
0.010000 0.956350
0.010000 0.960338
0.010000 0.952312
0.010000 0.957481
0.010000 0.954151
0.010000 0.970381
0.010000 0.973591
0.010000 0.989763
0.010000 0.982065
0.010000 0.975915
0.010000 0.967385
0.010000 0.957706
0.010000 0.970499
0.010000 0.983884
0.010000 0.973414
0.010000 0.930411
0.010000 0.918352
0.010000 0.938442
0.010000 0.946600
0.010000 0.963821
0.010000 0.988272
0.010000 1.002862
0.010000 1.022578
0.010000 1.034088
0.010000 1.052166
0.010000 1.024007
0.010000 1.048278
0.010000 1.072628
0.010000 1.068078
0.010000 1.058582
0.010000 1.076189
0.010000 1.080750
0.010000 1.077455
0.010000 1.062872
0.010000 1.036943
0.010000 1.049488
0.010000 1.040122
0.010000 1.045185
0.010000 1.037374
0.010000 1.066827
0.010000 1.039328
0.010000 1.060262
0.010000 1.062444
0.010000 1.054286
0.010000 1.075395
0.010000 1.085117
0.010000 1.088935
0.010000 1.071034
0.010000 1.063914
0.010000 1.060203
0.010000 1.055643
0.010000 1.030636
0.010000 1.046692
0.010000 1.031322
0.010000 1.028557
0.010000 1.024875
0.010000 1.023307
0.010000 1.026034
0.010000 1.050894
0.010000 1.058855
0.010000 1.072394
0.010000 1.075329
0.010000 1.056386
0.010000 1.042069
0.010000 1.042629
0.010000 1.047168
0.010000 1.024140
0.010000 1.030481
0.010000 1.022211
0.010000 1.018021
0.010000 1.015329
0.010000 1.016512
0.010000 1.001134
0.010000 1.025380
0.010000 1.032011
0.010000 1.037251
0.010000 1.004999
0.010000 1.009319
0.010000 0.970737
0.010000 0.964668
0.010000 0.981628
0.010000 0.972633
0.010000 0.970805
0.010000 0.983804
0.010000 0.981928
0.010000 1.000881
0.010000 1.001250
0.010000 1.021510
0.010000 1.005220
0.010000 0.995714
0.010000 1.004789
0.010000 1.016399
0.010000 1.027700
0.010000 1.055015
0.010000 1.056520
0.010000 1.045480
0.010000 1.047888
0.010000 1.067526
0.010000 1.056796
0.010000 1.057394
0.010000 1.039994
0.010000 1.027786
0.010000 1.034464
0.010000 1.033531
0.010000 1.044398
0.010000 1.064815
0.010000 1.051694
0.010000 1.055403
0.010000 1.056207
0.010000 1.012910
0.010000 1.016529
0.010000 1.017859
0.010000 1.028917
0.010000 1.014416
0.010000 1.011373
0.010000 1.000365
0.010000 1.003157
0.010000 0.984505
0.010000 0.997087
0.010000 0.983350
0.010000 1.001197
0.010000 1.015478
0.010000 0.997406
0.100000 1.033329
0.100000 1.060456
0.100000 1.158479
0.100000 1.204799
0.100000 1.176665
0.100000 1.228653
0.100000 1.137349
0.100000 1.097206
0.100000 1.076699
0.100000 1.007746
0.100000 0.965079
0.100000 0.990708
0.100000 0.931475
0.100000 0.960297
0.100000 1.016708
0.100000 0.989588
0.100000 1.081603
0.100000 1.150660
0.100000 1.109843
0.100000 1.061716
0.100000 1.074314
0.100000 1.057390
0.100000 1.071948
0.100000 1.023441
0.100000 1.006150
0.100000 1.012140
0.100000 1.052403
0.100000 1.118910
0.100000 1.057381
0.100000 1.045748
0.100000 0.962812
0.100000 0.985828
0.100000 0.968866
0.100000 0.992647
0.100000 1.082276
0.100000 1.070584
0.100000 1.107833
0.100000 1.146259
0.100000 1.160621
0.100000 1.150158
0.100000 1.130850
0.100000 1.075201
0.100000 0.993619
0.100000 0.921169
0.100000 0.941504
0.100000 0.919768
0.100000 0.916655
0.100000 0.950003
0.100000 0.907998
0.100000 0.896290
0.100000 0.976307
0.100000 0.962420
0.100000 0.954597
0.100000 0.948204
0.100000 0.950401
0.100000 0.922320
0.100000 0.873039
0.100000 0.840443
0.100000 0.898167
0.100000 0.941907
0.100000 0.926025
0.100000 0.934030
0.100000 0.978864
0.100000 1.003057
0.100000 0.994953
0.100000 1.040156
0.100000 0.977509
0.100000 1.036403
0.100000 0.998952
0.100000 1.079881
0.100000 1.091870
0.100000 1.076302
0.100000 1.040838
0.100000 1.013322
0.100000 1.068101
0.100000 1.035946
0.100000 1.041294
0.100000 1.077797
0.100000 1.129502
0.100000 1.016266
0.100000 0.981816
0.100000 0.985824
0.100000 0.920565
0.100000 0.959613
0.100000 0.969512
0.100000 1.004828
0.100000 0.976510
0.100000 0.932872
0.100000 0.883065
0.100000 0.862340
0.100000 0.888374
0.100000 0.919123
0.100000 0.897791
0.100000 0.840202
0.100000 0.841521
0.100000 0.784234
0.100000 0.803803
0.100000 0.838292
0.100000 0.938878
0.100000 0.987324
0.300000 0.810602
0.300000 0.897699
0.300000 0.913862
0.300000 0.810458
0.300000 0.822793
0.300000 0.918965
0.300000 0.870310
0.300000 0.985138
0.300000 0.962205
0.300000 1.056995
0.300000 1.091447
0.300000 0.976237
0.300000 0.973448
0.300000 1.136087
0.300000 1.033449
0.300000 1.067245
0.300000 0.943636
0.300000 0.993303
0.300000 0.991383
0.300000 0.924844
0.300000 0.787610
0.300000 0.860100
0.300000 0.859364
0.300000 0.918320
0.300000 0.830203
0.300000 0.684026
0.300000 0.706857
0.300000 0.794237
0.300000 0.873930
0.300000 0.916552
0.300000 0.913835
0.300000 0.929937
0.300000 0.963894
0.300000 1.038774
0.300000 0.972528
0.300000 1.055946
0.300000 1.042309
0.300000 1.210051
0.300000 1.054001
0.300000 1.073218
0.300000 1.120536
0.300000 1.229869
0.300000 1.092788
0.300000 1.089498
0.300000 0.893040
0.300000 0.909323
0.300000 0.816803
0.300000 0.865215
0.300000 0.967275
0.300000 0.928895
0.300000 0.829207
0.300000 0.849708
0.300000 0.832823
0.300000 0.839170
0.300000 1.021612
0.300000 0.999720
0.300000 0.947953
0.300000 1.197555
0.300000 1.140201
0.300000 1.258626
0.300000 1.098424
0.300000 1.085353
0.300000 1.111562
0.300000 1.194445
0.300000 1.087525
0.300000 1.150087
0.300000 1.157864
0.300000 1.134608
0.300000 1.110107
0.300000 1.182351
0.300000 1.047112
0.300000 0.975160
0.300000 0.882680
0.300000 0.775082
0.300000 0.832624
0.300000 0.941374
0.300000 0.841772
0.300000 0.925265
0.300000 1.053277
0.300000 1.121898
0.300000 1.144583
0.300000 1.091577
0.300000 0.957508
0.300000 0.920578
0.300000 0.885906
0.300000 0.842529
0.300000 0.925890
0.300000 0.970536
0.300000 1.069996
0.300000 1.090480
0.300000 1.043131
0.300000 1.019105
0.300000 1.044188
0.300000 0.979726
0.300000 1.014663
0.300000 0.995221
0.300000 1.116338
0.300000 1.131065
0.300000 1.065277
0.300000 1.102756
0.400000 1.060581
0.400000 1.010689
0.400000 0.931340
0.400000 0.983952
0.400000 1.038530
0.400000 1.062958
0.400000 1.032900
0.400000 0.926291
0.400000 0.830374
0.400000 0.749291
0.400000 0.865102
0.400000 0.925922
0.400000 0.931650
0.400000 0.880489
0.400000 1.039676
0.400000 1.035980
0.400000 1.022770
0.400000 1.119897
0.400000 1.095497
0.400000 1.118139
0.400000 0.985572
0.400000 1.039276
0.400000 1.183755
0.400000 1.220873
0.400000 1.122553
0.400000 1.000481
0.400000 0.996774
0.400000 1.013562
0.400000 0.863982
0.400000 0.920517
0.400000 0.848486
0.400000 0.849145
0.400000 0.826682
0.400000 0.967450
0.400000 0.859048
0.400000 0.894078
0.400000 0.877194
0.400000 0.773189
0.400000 0.715135
0.400000 0.806167
0.400000 0.929993
0.400000 0.988872
0.400000 0.918114
0.400000 0.764792
0.400000 0.938048
0.400000 1.047759
0.400000 0.980270
0.400000 1.119621
0.400000 1.356017
0.400000 1.166012
0.400000 1.183167
0.400000 1.053421
0.400000 1.034865
0.400000 1.123588
0.400000 1.080168
0.400000 1.083172
0.400000 1.084015
0.400000 1.149480
0.400000 1.073254
0.400000 1.158472
0.400000 1.099657
0.400000 1.120846
0.400000 1.069792
0.400000 1.044861
0.400000 1.083321
0.400000 1.043904
0.400000 1.008724
0.400000 1.127000
0.400000 1.092615
0.400000 0.952314
0.400000 0.835390
0.400000 0.913647
0.400000 1.009887
0.400000 1.051974
0.400000 1.067499
0.400000 0.983441
0.400000 1.037869
0.400000 1.080309
0.400000 1.090170
0.400000 1.077521
0.400000 1.026210
0.400000 1.095449
0.400000 1.147560
0.400000 1.058005
0.400000 1.093056
0.400000 1.092569
0.400000 1.194074
0.400000 1.038217
0.400000 0.849893
0.400000 0.971529
0.400000 0.910884
0.400000 0.793474
0.400000 1.021236
0.400000 1.003454
0.400000 0.888886
0.400000 0.931418
0.400000 1.058269
0.400000 1.041720
0.400000 1.167248
0.400000 1.194430
