0.80951112  0.10657412  0.35146912  0.45804312
0.75434412  0.31246012  0.22094212  0.53340212
0.64777012  0.49705212  0.07535912  0.57241112
0.49705212  0.64777012  -0.07535912  0.57241112
0.31246012  0.75434412  -0.22094212  0.53340212
0.10657412  0.80951112  -0.35146912  0.45804312
-0.10657412  0.80951112  -0.45804312  0.35146912
-0.31246012  0.75434412  -0.53340212  0.22094212
-0.49705212  0.64777012  -0.57241112  0.07535912
-0.64777012  0.49705212  -0.57241112  -0.07535912
-0.75434412  0.31246012  -0.53340212  -0.22094212
-0.80951112  0.10657412  -0.45804312  -0.35146912
0.90506112  0.11915412  0.10566212  0.39433812
0.84338312  0.34934112  -0.00000012  0.40824812
0.72422912  0.55572112  -0.10566212  0.39433812
0.55572112  0.72422912  -0.20412412  0.35355312
0.34934112  0.84338312  -0.28867512  0.28867512
0.11915412  0.90506112  -0.35355312  0.20412412
-0.11915412  0.90506112  -0.39433812  0.10566212
-0.34934112  0.84338312  -0.40824812  -0.00000012
-0.55572112  0.72422912  -0.39433812  -0.10566212
-0.72422912  0.55572112  -0.35355312  -0.20412412
-0.84338312  0.34934112  -0.28867512  -0.28867512
-0.90506112  0.11915312  -0.20412412  -0.35355312
0.90506112  0.11915412  0.35355312  0.20412412
0.84338312  0.34934112  0.28867512  0.28867512
0.72422912  0.55572112  0.20412412  0.35355312
0.55572112  0.72422912  0.10566212  0.39433812
0.34934112  0.84338312  -0.00000012  0.40824812
0.11915412  0.90506112  -0.10566212  0.39433812
-0.11915412  0.90506112  -0.20412412  0.35355312
-0.34934112  0.84338312  -0.28867512  0.28867512
-0.55572112  0.72422912  -0.35355312  0.20412412
-0.72422912  0.55572112  -0.39433812  0.10566212
-0.84338312  0.34934112  -0.40824812  0.00000012
-0.90506112  0.11915312  -0.39433812  -0.10566212
0.97057012  0.12777812  0.12426312  0.16194312
0.90442712  0.37462612  0.07811512  0.18858612
0.77664912  0.59594412  0.02664412  0.20237812
0.59594412  0.77664912  -0.02664412  0.20237812
0.37462612  0.90442712  -0.07811512  0.18858612
0.12777812  0.97057012  -0.12426312  0.16194312
-0.12777812  0.97057012  -0.16194312  0.12426312
-0.37462612  0.90442712  -0.18858612  0.07811512
-0.59594412  0.77664912  -0.20237812  0.02664412
-0.77664912  0.59594412  -0.20237812  -0.02664412
-0.90442712  0.37462612  -0.18858612  -0.07811512
-0.97057012  0.12777812  -0.16194312  -0.12426312
0.80951112  0.10657412  -0.45804312  0.35146912
0.75434412  0.31246012  -0.53340212  0.22094212
0.64777012  0.49705212  -0.57241112  0.07535912
0.49705212  0.64777012  -0.57241112  -0.07535912
0.31246012  0.75434412  -0.53340212  -0.22094212
0.10657412  0.80951112  -0.45804312  -0.35146912
-0.10657412  0.80951112  -0.35146912  -0.45804312
-0.31246012  0.75434412  -0.22094212  -0.53340212
-0.49705212  0.64777012  -0.07535912  -0.57241112
-0.64777012  0.49705212  0.07535912  -0.57241112
-0.75434412  0.31246012  0.22094212  -0.53340212
-0.80951112  0.10657412  0.35146912  -0.45804312
0.90506112  0.11915412  -0.39433812  0.10566212
0.84338312  0.34934112  -0.40824812  -0.00000012
0.72422912  0.55572112  -0.39433812  -0.10566212
0.55572112  0.72422912  -0.35355312  -0.20412412
0.34934112  0.84338312  -0.28867512  -0.28867512
0.11915412  0.90506112  -0.20412412  -0.35355312
-0.11915412  0.90506112  -0.10566212  -0.39433812
-0.34934112  0.84338312  0.00000012  -0.40824812
-0.55572112  0.72422912  0.10566212  -0.39433812
-0.72422912  0.55572112  0.20412412  -0.35355312
-0.84338312  0.34934112  0.28867512  -0.28867512
-0.90506112  0.11915312  0.35355312  -0.20412412
0.90506112  0.11915412  -0.20412412  0.35355312
0.84338312  0.34934112  -0.28867512  0.28867512
0.72422912  0.55572112  -0.35355312  0.20412412
0.55572112  0.72422912  -0.39433812  0.10566212
0.34934112  0.84338312  -0.40824812  -0.00000012
0.11915412  0.90506112  -0.39433812  -0.10566212
-0.11915412  0.90506112  -0.35355312  -0.20412412
-0.34934112  0.84338312  -0.28867512  -0.28867512
-0.55572112  0.72422912  -0.20412412  -0.35355312
-0.72422912  0.55572112  -0.10566212  -0.39433812
-0.84338312  0.34934112  -0.00000012  -0.40824812
-0.90506112  0.11915312  0.10566212  -0.39433812
0.97057012  0.12777812  -0.16194312  0.12426312
0.90442712  0.37462612  -0.18858612  0.07811512
0.77664912  0.59594412  -0.20237812  0.02664412
0.59594412  0.77664912  -0.20237812  -0.02664412
0.37462612  0.90442712  -0.18858612  -0.07811512
0.12777812  0.97057012  -0.16194312  -0.12426312
-0.12777812  0.97057012  -0.12426312  -0.16194312
-0.37462612  0.90442712  -0.07811512  -0.18858612
-0.59594412  0.77664912  -0.02664412  -0.20237812
-0.77664912  0.59594412  0.02664412  -0.20237812
-0.90442712  0.37462612  0.07811512  -0.18858612
-0.97057012  0.12777812  0.12426312  -0.16194312
0.80951112  0.10657412  -0.35146912  -0.45804312
0.75434412  0.31246012  -0.22094212  -0.53340212
0.64777012  0.49705212  -0.07535912  -0.57241112
0.49705212  0.64777012  0.07535912  -0.57241112
0.31246012  0.75434412  0.22094212  -0.53340212
0.10657412  0.80951112  0.35146912  -0.45804312
-0.10657412  0.80951112  0.45804312  -0.35146912
-0.31246012  0.75434412  0.53340212  -0.22094212
-0.49705212  0.64777012  0.57241112  -0.07535912
-0.64777012  0.49705212  0.57241112  0.07535912
-0.75434412  0.31246012  0.53340212  0.22094212
-0.80951112  0.10657412  0.45804312  0.35146912
0.90506112  0.11915412  -0.10566212  -0.39433812
0.84338312  0.34934112  0.00000012  -0.40824812
0.72422912  0.55572112  0.10566212  -0.39433812
0.55572112  0.72422912  0.20412412  -0.35355312
0.34934112  0.84338312  0.28867512  -0.28867512
0.11915412  0.90506112  0.35355312  -0.20412412
-0.11915412  0.90506112  0.39433812  -0.10566212
-0.34934112  0.84338312  0.40824812  0.00000012
-0.55572112  0.72422912  0.39433812  0.10566212
-0.72422912  0.55572112  0.35355312  0.20412412
-0.84338312  0.34934112  0.28867512  0.28867512
-0.90506112  0.11915312  0.20412412  0.35355312
0.90506112  0.11915412  -0.35355312  -0.20412412
0.84338312  0.34934112  -0.28867512  -0.28867512
0.72422912  0.55572112  -0.20412412  -0.35355312
0.55572112  0.72422912  -0.10566212  -0.39433812
0.34934112  0.84338312  0.00000012  -0.40824812
0.11915412  0.90506112  0.10566212  -0.39433812
-0.11915412  0.90506112  0.20412412  -0.35355312
-0.34934112  0.84338312  0.28867512  -0.28867512
-0.55572112  0.72422912  0.35355312  -0.20412412
-0.72422912  0.55572112  0.39433812  -0.10566212
-0.84338312  0.34934112  0.40824812  -0.00000012
-0.90506112  0.11915312  0.39433812  0.10566212
0.97057012  0.12777812  -0.12426312  -0.16194312
0.90442712  0.37462612  -0.07811512  -0.18858612
0.77664912  0.59594412  -0.02664412  -0.20237812
0.59594412  0.77664912  0.02664412  -0.20237812
0.37462612  0.90442712  0.07811512  -0.18858612
0.12777812  0.97057012  0.12426312  -0.16194312
-0.12777812  0.97057012  0.16194312  -0.12426312
-0.37462612  0.90442712  0.18858612  -0.07811512
-0.59594412  0.77664912  0.20237812  -0.02664412
-0.77664912  0.59594412  0.20237812  0.02664412
-0.90442712  0.37462612  0.18858612  0.07811512
-0.97057012  0.12777812  0.16194312  0.12426312
0.80951112  0.10657412  0.45804312  -0.35146912
0.75434412  0.31246012  0.53340212  -0.22094212
0.64777012  0.49705212  0.57241112  -0.07535912
0.49705212  0.64777012  0.57241112  0.07535912
0.31246012  0.75434412  0.53340212  0.22094212
0.10657412  0.80951112  0.45804312  0.35146912
-0.10657412  0.80951112  0.35146912  0.45804312
-0.31246012  0.75434412  0.22094212  0.53340212
-0.49705212  0.64777012  0.07535912  0.57241112
-0.64777012  0.49705212  -0.07535912  0.57241112
-0.75434412  0.31246012  -0.22094212  0.53340212
-0.80951112  0.10657412  -0.35146912  0.45804312
0.90506112  0.11915412  0.39433812  -0.10566212
0.84338312  0.34934112  0.40824812  0.00000012
0.72422912  0.55572112  0.39433812  0.10566212
0.55572112  0.72422912  0.35355312  0.20412412
0.34934112  0.84338312  0.28867512  0.28867512
0.11915412  0.90506112  0.20412412  0.35355312
-0.11915412  0.90506112  0.10566212  0.39433812
-0.34934112  0.84338312  -0.00000012  0.40824812
-0.55572112  0.72422912  -0.10566212  0.39433812
-0.72422912  0.55572112  -0.20412412  0.35355312
-0.84338312  0.34934112  -0.28867512  0.28867512
-0.90506112  0.11915312  -0.35355312  0.20412412
0.90506112  0.11915412  0.20412412  -0.35355312
0.84338312  0.34934112  0.28867512  -0.28867512
0.72422912  0.55572112  0.35355312  -0.20412412
0.55572112  0.72422912  0.39433812  -0.10566212
0.34934112  0.84338312  0.40824812  0.00000012
0.11915412  0.90506112  0.39433812  0.10566212
-0.11915412  0.90506112  0.35355312  0.20412412
-0.34934112  0.84338312  0.28867512  0.28867512
-0.55572112  0.72422912  0.20412412  0.35355312
-0.72422912  0.55572112  0.10566212  0.39433812
-0.84338312  0.34934112  0.00000012  0.40824812
-0.90506112  0.11915312  -0.10566212  0.39433812
0.97057012  0.12777812  0.16194312  -0.12426312
0.90442712  0.37462612  0.18858612  -0.07811512
0.77664912  0.59594412  0.20237812  -0.02664412
0.59594412  0.77664912  0.20237812  0.02664412
0.37462612  0.90442712  0.18858612  0.07811512
0.12777812  0.97057012  0.16194312  0.12426312
-0.12777812  0.97057012  0.12426312  0.16194312
-0.37462612  0.90442712  0.07811512  0.18858612
-0.59594412  0.77664912  0.02664412  0.20237812
-0.77664912  0.59594412  -0.02664412  0.20237812
-0.90442712  0.37462612  -0.07811512  0.18858612
-0.97057012  0.12777812  -0.12426312  0.16194312
0.57241112  0.07535912  0.80951112  0.10657412
0.53340212  0.22094212  0.75434412  0.31246012
0.45804312  0.35146912  0.64777012  0.49705212
0.35146912  0.45804312  0.49705212  0.64777012
0.22094212  0.53340212  0.31246012  0.75434412
0.07535912  0.57241112  0.10657412  0.80951112
-0.07535912  0.57241112  -0.10657412  0.80951112
-0.22094212  0.53340212  -0.31246012  0.75434412
-0.35146912  0.45804312  -0.49705212  0.64777012
-0.45804312  0.35146912  -0.64777012  0.49705212
-0.53340212  0.22094212  -0.75434412  0.31246012
-0.57241112  0.07535912  -0.80951112  0.10657412
0.70105712  0.09229612  0.61237212  0.35355312
0.65328112  0.27059812  0.50000012  0.50000012
0.56098612  0.43045912  0.35355312  0.61237212
0.43045912  0.56098612  0.18301312  0.68301312
0.27059812  0.65328112  -0.00000012  0.70710712
0.09229612  0.70105712  -0.18301312  0.68301312
-0.09229612  0.70105712  -0.35355312  0.61237212
-0.27059812  0.65328112  -0.50000012  0.50000012
-0.43045912  0.56098612  -0.61237212  0.35355312
-0.56098612  0.43045912  -0.68301312  0.18301312
-0.65328112  0.27059812  -0.70710712  0.00000012
-0.70105712  0.09229612  -0.68301312  -0.18301312
0.70105712  0.09229612  0.68301312  -0.18301312
0.65328112  0.27059812  0.70710712  0.00000012
0.56098612  0.43045912  0.68301312  0.18301312
0.43045912  0.56098612  0.61237212  0.35355312
0.27059812  0.65328112  0.50000012  0.50000012
0.09229612  0.70105712  0.35355312  0.61237212
-0.09229612  0.70105712  0.18301312  0.68301312
-0.27059812  0.65328112  -0.00000012  0.70710712
-0.43045912  0.56098612  -0.18301312  0.68301312
-0.56098612  0.43045912  -0.35355312  0.61237212
-0.65328112  0.27059812  -0.50000012  0.50000012
-0.70105712  0.09229612  -0.61237212  0.35355312
0.80951112  0.10657412  0.57241112  0.07535912
0.75434412  0.31246012  0.53340212  0.22094212
0.64777012  0.49705212  0.45804312  0.35146912
0.49705212  0.64777012  0.35146912  0.45804312
0.31246012  0.75434412  0.22094212  0.53340212
0.10657412  0.80951112  0.07535912  0.57241112
-0.10657412  0.80951112  -0.07535912  0.57241112
-0.31246012  0.75434412  -0.22094212  0.53340212
-0.49705212  0.64777012  -0.35146912  0.45804312
-0.64777012  0.49705212  -0.45804312  0.35146912
-0.75434412  0.31246012  -0.53340212  0.22094212
-0.80951112  0.10657412  -0.57241112  0.07535912
0.57241112  0.07535912  -0.10657412  0.80951112
0.53340212  0.22094212  -0.31246012  0.75434412
0.45804312  0.35146912  -0.49705212  0.64777012
0.35146912  0.45804312  -0.64777012  0.49705212
0.22094212  0.53340212  -0.75434412  0.31246012
0.07535912  0.57241112  -0.80951112  0.10657412
-0.07535912  0.57241112  -0.80951112  -0.10657412
-0.22094212  0.53340212  -0.75434412  -0.31246012
-0.35146912  0.45804312  -0.64777012  -0.49705212
-0.45804312  0.35146912  -0.49705212  -0.64777012
-0.53340212  0.22094212  -0.31246012  -0.75434412
-0.57241112  0.07535912  -0.10657412  -0.80951112
0.70105712  0.09229612  -0.35355312  0.61237212
0.65328112  0.27059812  -0.50000012  0.50000012
0.56098612  0.43045912  -0.61237212  0.35355312
0.43045912  0.56098612  -0.68301312  0.18301312
0.27059812  0.65328112  -0.70710712  -0.00000012
0.09229612  0.70105712  -0.68301312  -0.18301312
-0.09229612  0.70105712  -0.61237212  -0.35355312
-0.27059812  0.65328112  -0.50000012  -0.50000012
-0.43045912  0.56098612  -0.35355312  -0.61237212
-0.56098612  0.43045912  -0.18301312  -0.68301312
-0.65328112  0.27059812  -0.00000012  -0.70710712
-0.70105712  0.09229612  0.18301312  -0.68301312
0.70105712  0.09229612  0.18301312  0.68301312
0.65328112  0.27059812  -0.00000012  0.70710712
0.56098612  0.43045912  -0.18301312  0.68301312
0.43045912  0.56098612  -0.35355312  0.61237212
0.27059812  0.65328112  -0.50000012  0.50000012
0.09229612  0.70105712  -0.61237212  0.35355312
-0.09229612  0.70105712  -0.68301312  0.18301312
-0.27059812  0.65328112  -0.70710712  -0.00000012
-0.43045912  0.56098612  -0.68301312  -0.18301312
-0.56098612  0.43045912  -0.61237212  -0.35355312
-0.65328112  0.27059812  -0.50000012  -0.50000012
-0.70105712  0.09229612  -0.35355312  -0.61237212
0.80951112  0.10657412  -0.07535912  0.57241112
0.75434412  0.31246012  -0.22094212  0.53340212
0.64777012  0.49705212  -0.35146912  0.45804312
0.49705212  0.64777012  -0.45804312  0.35146912
0.31246012  0.75434412  -0.53340212  0.22094212
0.10657412  0.80951112  -0.57241112  0.07535912
-0.10657412  0.80951112  -0.57241112  -0.07535912
-0.31246012  0.75434412  -0.53340212  -0.22094212
-0.49705212  0.64777012  -0.45804312  -0.35146912
-0.64777012  0.49705212  -0.35146912  -0.45804312
-0.75434412  0.31246012  -0.22094212  -0.53340212
-0.80951112  0.10657412  -0.07535912  -0.57241112
0.57241112  0.07535912  -0.80951112  -0.10657412
0.53340212  0.22094212  -0.75434412  -0.31246012
0.45804312  0.35146912  -0.64777012  -0.49705212
0.35146912  0.45804312  -0.49705212  -0.64777012
0.22094212  0.53340212  -0.31246012  -0.75434412
0.07535912  0.57241112  -0.10657412  -0.80951112
-0.07535912  0.57241112  0.10657412  -0.80951112
-0.22094212  0.53340212  0.31246012  -0.75434412
-0.35146912  0.45804312  0.49705212  -0.64777012
-0.45804312  0.35146912  0.64777012  -0.49705212
-0.53340212  0.22094212  0.75434412  -0.31246012
-0.57241112  0.07535912  0.80951112  -0.10657412
0.70105712  0.09229612  -0.61237212  -0.35355312
0.65328112  0.27059812  -0.50000012  -0.50000012
0.56098612  0.43045912  -0.35355312  -0.61237212
0.43045912  0.56098612  -0.18301312  -0.68301312
0.27059812  0.65328112  0.00000012  -0.70710712
0.09229612  0.70105712  0.18301312  -0.68301312
-0.09229612  0.70105712  0.35355312  -0.61237212
-0.27059812  0.65328112  0.50000012  -0.50000012
-0.43045912  0.56098612  0.61237212  -0.35355312
-0.56098612  0.43045912  0.68301312  -0.18301312
-0.65328112  0.27059812  0.70710712  -0.00000012
-0.70105712  0.09229612  0.68301312  0.18301312
0.70105712  0.09229612  -0.68301312  0.18301312
0.65328112  0.27059812  -0.70710712  -0.00000012
0.56098612  0.43045912  -0.68301312  -0.18301312
0.43045912  0.56098612  -0.61237212  -0.35355312
0.27059812  0.65328112  -0.50000012  -0.50000012
0.09229612  0.70105712  -0.35355312  -0.61237212
-0.09229612  0.70105712  -0.18301312  -0.68301312
-0.27059812  0.65328112  0.00000012  -0.70710712
-0.43045912  0.56098612  0.18301312  -0.68301312
-0.56098612  0.43045912  0.35355312  -0.61237212
-0.65328112  0.27059812  0.50000012  -0.50000012
-0.70105712  0.09229612  0.61237212  -0.35355312
0.80951112  0.10657412  -0.57241112  -0.07535912
0.75434412  0.31246012  -0.53340212  -0.22094212
0.64777012  0.49705212  -0.45804312  -0.35146912
0.49705212  0.64777012  -0.35146912  -0.45804312
0.31246012  0.75434412  -0.22094212  -0.53340212
0.10657412  0.80951112  -0.07535912  -0.57241112
-0.10657412  0.80951112  0.07535912  -0.57241112
-0.31246012  0.75434412  0.22094212  -0.53340212
-0.49705212  0.64777012  0.35146912  -0.45804312
-0.64777012  0.49705212  0.45804312  -0.35146912
-0.75434412  0.31246012  0.53340212  -0.22094212
-0.80951112  0.10657412  0.57241112  -0.07535912
0.57241112  0.07535912  0.10657412  -0.80951112
0.53340212  0.22094212  0.31246012  -0.75434412
0.45804312  0.35146912  0.49705212  -0.64777012
0.35146912  0.45804312  0.64777012  -0.49705212
0.22094212  0.53340212  0.75434412  -0.31246012
0.07535912  0.57241112  0.80951112  -0.10657412
-0.07535912  0.57241112  0.80951112  0.10657412
-0.22094212  0.53340212  0.75434412  0.31246012
-0.35146912  0.45804312  0.64777012  0.49705212
-0.45804312  0.35146912  0.49705212  0.64777012
-0.53340212  0.22094212  0.31246012  0.75434412
-0.57241112  0.07535912  0.10657412  0.80951112
0.70105712  0.09229612  0.35355312  -0.61237212
0.65328112  0.27059812  0.50000012  -0.50000012
0.56098612  0.43045912  0.61237212  -0.35355312
0.43045912  0.56098612  0.68301312  -0.18301312
0.27059812  0.65328112  0.70710712  0.00000012
0.09229612  0.70105712  0.68301312  0.18301312
-0.09229612  0.70105712  0.61237212  0.35355312
-0.27059812  0.65328112  0.50000012  0.50000012
-0.43045912  0.56098612  0.35355312  0.61237212
-0.56098612  0.43045912  0.18301312  0.68301312
-0.65328112  0.27059812  0.00000012  0.70710712
-0.70105712  0.09229612  -0.18301312  0.68301312
0.70105712  0.09229612  -0.18301312  -0.68301312
0.65328112  0.27059812  0.00000012  -0.70710712
0.56098612  0.43045912  0.18301312  -0.68301312
0.43045912  0.56098612  0.35355312  -0.61237212
0.27059812  0.65328112  0.50000012  -0.50000012
0.09229612  0.70105712  0.61237212  -0.35355312
-0.09229612  0.70105712  0.68301312  -0.18301312
-0.27059812  0.65328112  0.70710712  0.00000012
-0.43045912  0.56098612  0.68301312  0.18301312
-0.56098612  0.43045912  0.61237212  0.35355312
-0.65328112  0.27059812  0.50000012  0.50000012
-0.70105712  0.09229612  0.35355312  0.61237212
0.80951112  0.10657412  0.07535912  -0.57241112
0.75434412  0.31246012  0.22094212  -0.53340212
0.64777012  0.49705212  0.35146912  -0.45804312
0.49705212  0.64777012  0.45804312  -0.35146912
0.31246012  0.75434412  0.53340212  -0.22094212
0.10657412  0.80951112  0.57241112  -0.07535912
-0.10657412  0.80951112  0.57241112  0.07535912
-0.31246012  0.75434412  0.53340212  0.22094212
-0.49705212  0.64777012  0.45804312  0.35146912
-0.64777012  0.49705212  0.35146912  0.45804312
-0.75434412  0.31246012  0.22094212  0.53340212
-0.80951112  0.10657412  0.07535912  0.57241112
0.20237812  0.02664412  0.59594412  0.77664912
0.18858612  0.07811512  0.37462612  0.90442712
0.16194312  0.12426312  0.12777812  0.97057012
0.12426312  0.16194312  -0.12777812  0.97057012
0.07811512  0.18858612  -0.37462612  0.90442712
0.02664412  0.20237812  -0.59594412  0.77664912
-0.02664412  0.20237812  -0.77664912  0.59594412
-0.07811512  0.18858612  -0.90442712  0.37462612
-0.12426312  0.16194312  -0.97057012  0.12777812
-0.16194312  0.12426312  -0.97057012  -0.12777812
-0.18858612  0.07811512  -0.90442712  -0.37462612
-0.20237812  0.02664412  -0.77664912  -0.59594412
0.40475612  0.05328712  0.23626812  0.88176612
0.37717212  0.15623012  -0.00000012  0.91287112
0.32388512  0.24852612  -0.23626812  0.88176612
0.24852612  0.32388512  -0.45643612  0.79056912
0.15623012  0.37717212  -0.64549712  0.64549712
0.05328712  0.40475612  -0.79056912  0.45643612
-0.05328712  0.40475612  -0.88176612  0.23626812
-0.15623012  0.37717212  -0.91287112  -0.00000012
-0.24852612  0.32388512  -0.88176612  -0.23626812
-0.32388512  0.24852612  -0.79056912  -0.45643512
-0.37717212  0.15623012  -0.64549712  -0.64549712
-0.40475612  0.05328712  -0.45643512  -0.79056912
0.40475612  0.05328712  0.79056912  0.45643512
0.37717212  0.15623012  0.64549712  0.64549712
0.32388512  0.24852612  0.45643512  0.79056912
0.24852612  0.32388512  0.23626812  0.88176612
0.15623012  0.37717212  -0.00000012  0.91287112
0.05328712  0.40475612  -0.23626812  0.88176612
-0.05328712  0.40475612  -0.45643512  0.79056912
-0.15623012  0.37717212  -0.64549712  0.64549712
-0.24852612  0.32388512  -0.79056912  0.45643512
-0.32388512  0.24852612  -0.88176612  0.23626812
-0.37717212  0.15623012  -0.91287112  0.00000012
-0.40475612  0.05328712  -0.88176612  -0.23626812
0.57241112  0.07535912  0.49705212  0.64777012
0.53340212  0.22094212  0.31246012  0.75434412
0.45804312  0.35146912  0.10657412  0.80951112
0.35146912  0.45804312  -0.10657412  0.80951112
0.22094212  0.53340212  -0.31246012  0.75434412
0.07535912  0.57241112  -0.49705212  0.64777012
-0.07535912  0.57241112  -0.64777012  0.49705212
-0.22094212  0.53340212  -0.75434512  0.31246012
-0.35146912  0.45804312  -0.80951112  0.10657412
-0.45804312  0.35146912  -0.80951112  -0.10657412
-0.53340212  0.22094212  -0.75434512  -0.31246012
-0.57241112  0.07535912  -0.64777012  -0.49705212
0.20237812  0.02664412  -0.77664912  0.59594412
0.18858612  0.07811512  -0.90442712  0.37462612
0.16194312  0.12426312  -0.97057012  0.12777812
0.12426312  0.16194312  -0.97057012  -0.12777812
0.07811512  0.18858612  -0.90442712  -0.37462612
0.02664412  0.20237812  -0.77664912  -0.59594412
-0.02664412  0.20237812  -0.59594412  -0.77664912
-0.07811512  0.18858612  -0.37462612  -0.90442712
-0.12426312  0.16194312  -0.12777812  -0.97057012
-0.16194312  0.12426312  0.12777812  -0.97057012
-0.18858612  0.07811512  0.37462612  -0.90442712
-0.20237812  0.02664412  0.59594412  -0.77664912
0.40475612  0.05328712  -0.88176612  0.23626812
0.37717212  0.15623012  -0.91287112  -0.00000012
0.32388512  0.24852612  -0.88176612  -0.23626812
0.24852612  0.32388512  -0.79056912  -0.45643612
0.15623012  0.37717212  -0.64549712  -0.64549712
0.05328712  0.40475612  -0.45643612  -0.79056912
-0.05328712  0.40475612  -0.23626812  -0.88176612
-0.15623012  0.37717212  0.00000012  -0.91287112
-0.24852612  0.32388512  0.23626812  -0.88176612
-0.32388512  0.24852612  0.45643512  -0.79056912
-0.37717212  0.15623012  0.64549712  -0.64549712
-0.40475612  0.05328712  0.79056912  -0.45643512
0.40475612  0.05328712  -0.45643512  0.79056912
0.37717212  0.15623012  -0.64549712  0.64549712
0.32388512  0.24852612  -0.79056912  0.45643512
0.24852612  0.32388512  -0.88176612  0.23626812
0.15623012  0.37717212  -0.91287112  -0.00000012
0.05328712  0.40475612  -0.88176612  -0.23626812
-0.05328712  0.40475612  -0.79056912  -0.45643512
-0.15623012  0.37717212  -0.64549712  -0.64549712
-0.24852612  0.32388512  -0.45643512  -0.79056912
-0.32388512  0.24852612  -0.23626812  -0.88176612
-0.37717212  0.15623012  -0.00000012  -0.91287112
-0.40475612  0.05328712  0.23626812  -0.88176612
0.57241112  0.07535912  -0.64777012  0.49705212
0.53340212  0.22094212  -0.75434412  0.31246012
0.45804312  0.35146912  -0.80951112  0.10657412
0.35146912  0.45804312  -0.80951112  -0.10657412
0.22094212  0.53340212  -0.75434412  -0.31246012
0.07535912  0.57241112  -0.64777012  -0.49705212
-0.07535912  0.57241112  -0.49705212  -0.64777012
-0.22094212  0.53340212  -0.31246012  -0.75434512
-0.35146912  0.45804312  -0.10657412  -0.80951112
-0.45804312  0.35146912  0.10657412  -0.80951112
-0.53340212  0.22094212  0.31246012  -0.75434512
-0.57241112  0.07535912  0.49705212  -0.64777012
0.20237812  0.02664412  -0.59594412  -0.77664912
0.18858612  0.07811512  -0.37462612  -0.90442712
0.16194312  0.12426312  -0.12777812  -0.97057012
0.12426312  0.16194312  0.12777812  -0.97057012
0.07811512  0.18858612  0.37462612  -0.90442712
0.02664412  0.20237812  0.59594412  -0.77664912
-0.02664412  0.20237812  0.77664912  -0.59594412
-0.07811512  0.18858612  0.90442712  -0.37462612
-0.12426312  0.16194312  0.97057012  -0.12777812
-0.16194312  0.12426312  0.97057012  0.12777812
-0.18858612  0.07811512  0.90442712  0.37462612
-0.20237812  0.02664412  0.77664912  0.59594412
0.40475612  0.05328712  -0.23626812  -0.88176612
0.37717212  0.15623012  0.00000012  -0.91287112
0.32388512  0.24852612  0.23626812  -0.88176612
0.24852612  0.32388512  0.45643612  -0.79056912
0.15623012  0.37717212  0.64549712  -0.64549712
0.05328712  0.40475612  0.79056912  -0.45643612
-0.05328712  0.40475612  0.88176612  -0.23626812
-0.15623012  0.37717212  0.91287112  0.00000012
-0.24852612  0.32388512  0.88176612  0.23626812
-0.32388512  0.24852612  0.79056912  0.45643512
-0.37717212  0.15623012  0.64549712  0.64549712
-0.40475612  0.05328712  0.45643512  0.79056912
0.40475612  0.05328712  -0.79056912  -0.45643512
0.37717212  0.15623012  -0.64549712  -0.64549712
0.32388512  0.24852612  -0.45643512  -0.79056912
0.24852612  0.32388512  -0.23626812  -0.88176612
0.15623012  0.37717212  0.00000012  -0.91287112
0.05328712  0.40475612  0.23626812  -0.88176612
-0.05328712  0.40475612  0.45643512  -0.79056912
-0.15623012  0.37717212  0.64549712  -0.64549712
-0.24852612  0.32388512  0.79056912  -0.45643512
-0.32388512  0.24852612  0.88176612  -0.23626812
-0.37717212  0.15623012  0.91287112  -0.00000012
-0.40475612  0.05328712  0.88176612  0.23626812
0.57241112  0.07535912  -0.49705212  -0.64777012
0.53340212  0.22094212  -0.31246012  -0.75434412
0.45804312  0.35146912  -0.10657412  -0.80951112
0.35146912  0.45804312  0.10657412  -0.80951112
0.22094212  0.53340212  0.31246012  -0.75434412
0.07535912  0.57241112  0.49705212  -0.64777012
-0.07535912  0.57241112  0.64777012  -0.49705212
-0.22094212  0.53340212  0.75434512  -0.31246012
-0.35146912  0.45804312  0.80951112  -0.10657412
-0.45804312  0.35146912  0.80951112  0.10657412
-0.53340212  0.22094212  0.75434512  0.31246012
-0.57241112  0.07535912  0.64777012  0.49705212
0.20237812  0.02664412  0.77664912  -0.59594412
0.18858612  0.07811512  0.90442712  -0.37462612
0.16194312  0.12426312  0.97057012  -0.12777812
0.12426312  0.16194312  0.97057012  0.12777812
0.07811512  0.18858612  0.90442712  0.37462612
0.02664412  0.20237812  0.77664912  0.59594412
-0.02664412  0.20237812  0.59594412  0.77664912
-0.07811512  0.18858612  0.37462612  0.90442712
-0.12426312  0.16194312  0.12777812  0.97057012
-0.16194312  0.12426312  -0.12777812  0.97057012
-0.18858612  0.07811512  -0.37462612  0.90442712
-0.20237812  0.02664412  -0.59594412  0.77664912
0.40475612  0.05328712  0.88176612  -0.23626812
0.37717212  0.15623012  0.91287112  0.00000012
0.32388512  0.24852612  0.88176612  0.23626812
0.24852612  0.32388512  0.79056912  0.45643612
0.15623012  0.37717212  0.64549712  0.64549712
0.05328712  0.40475612  0.45643612  0.79056912
-0.05328712  0.40475612  0.23626812  0.88176612
-0.15623012  0.37717212  -0.00000012  0.91287112
-0.24852612  0.32388512  -0.23626812  0.88176612
-0.32388512  0.24852612  -0.45643512  0.79056912
-0.37717212  0.15623012  -0.64549712  0.64549712
-0.40475612  0.05328712  -0.79056912  0.45643512
0.40475612  0.05328712  0.45643512  -0.79056912
0.37717212  0.15623012  0.64549712  -0.64549712
0.32388512  0.24852612  0.79056912  -0.45643512
0.24852612  0.32388512  0.88176612  -0.23626812
0.15623012  0.37717212  0.91287112  0.00000012
0.05328712  0.40475612  0.88176612  0.23626812
-0.05328712  0.40475612  0.79056912  0.45643512
-0.15623012  0.37717212  0.64549712  0.64549712
-0.24852612  0.32388512  0.45643512  0.79056912
-0.32388512  0.24852612  0.23626812  0.88176612
-0.37717212  0.15623012  0.00000012  0.91287112
-0.40475612  0.05328712  -0.23626812  0.88176612
0.57241112  0.07535912  0.64777012  -0.49705212
0.53340212  0.22094212  0.75434412  -0.31246012
0.45804312  0.35146912  0.80951112  -0.10657412
0.35146912  0.45804312  0.80951112  0.10657412
0.22094212  0.53340212  0.75434412  0.31246012
0.07535912  0.57241112  0.64777012  0.49705212
-0.07535912  0.57241112  0.49705212  0.64777012
-0.22094212  0.53340212  0.31246012  0.75434512
-0.35146912  0.45804312  0.10657412  0.80951112
-0.45804312  0.35146912  -0.10657412  0.80951112
-0.53340212  0.22094212  -0.31246012  0.75434512
-0.57241112  0.07535912  -0.49705212  0.64777012
