0.200000 0.032899
0.200000 0.113111
0.200000 0.150536
0.200000 0.141947
0.200000 0.179196
0.200000 0.251578
0.200000 0.202913
0.200000 0.210516
0.200000 0.307994
0.200000 0.349130
0.200000 0.327539
0.200000 0.362551
0.200000 0.307739
0.200000 0.329763
0.200000 0.216658
0.200000 0.204911
0.200000 0.217963
0.200000 0.200532
0.200000 0.246952
0.200000 0.255114
0.200000 0.273667
0.200000 0.224911
0.200000 0.223093
0.200000 0.320330
0.200000 0.477014
0.200000 0.430176
0.200000 0.348798
0.200000 0.306761
0.200000 0.304158
0.200000 0.253991
0.200000 0.201726
0.200000 0.118378
0.200000 0.257006
0.200000 0.281547
0.200000 0.208853
0.200000 0.241433
0.200000 0.274001
0.200000 0.303646
0.200000 0.208433
0.200000 0.225931
0.200000 0.247379
0.200000 0.241883
0.200000 0.180486
0.200000 0.193934
0.200000 0.179463
0.200000 0.154114
0.200000 0.176300
0.200000 0.222972
0.200000 0.133455
0.200000 0.129909
0.200000 0.245000
0.200000 0.303208
0.200000 0.260362
0.200000 0.237546
0.200000 0.192454
0.200000 0.198203
0.200000 0.178876
0.200000 0.277856
0.200000 0.311910
0.200000 0.272362
0.200000 0.234547
0.200000 0.211019
0.200000 0.134363
0.200000 -0.007336
0.200000 0.113583
0.200000 0.195981
0.200000 0.137341
0.200000 0.126262
0.200000 0.071441
0.200000 0.146295
0.200000 0.165046
0.200000 0.205579
0.200000 0.162925
0.200000 0.168297
0.200000 0.231034
0.200000 0.276297
0.200000 0.321799
0.200000 0.346411
0.200000 0.488484
0.200000 0.463961
0.200000 0.545683
0.200000 0.495473
0.200000 0.465149
0.200000 0.519202
0.200000 0.393118
0.200000 0.414046
0.200000 0.377690
0.200000 0.390675
0.200000 0.434900
0.200000 0.433430
0.200000 0.499489
0.200000 0.474969
0.200000 0.565207
0.200000 0.479239
0.200000 0.498262
0.200000 0.508507
0.200000 0.652371
0.200000 0.547346
0.200000 0.501189
0.200000 0.473178
0.200000 0.521702
0.200000 0.528663
0.200000 0.659461
0.200000 0.706209
0.200000 0.687337
0.200000 0.717643
0.200000 0.748690
0.200000 0.782556
0.200000 0.757985
0.200000 0.695139
0.200000 0.655925
0.200000 0.530710
0.200000 0.528236
0.200000 0.457359
0.200000 0.449810
0.200000 0.396623
0.200000 0.385854
0.200000 0.311278
0.200000 0.253915
0.200000 0.306163
0.200000 0.251637
0.200000 0.215040
0.200000 0.223531
0.200000 0.255528
0.200000 0.265457
0.200000 0.203826
0.200000 0.217249
0.200000 0.150547
0.200000 0.178624
0.200000 0.210390
0.200000 0.241712
0.200000 0.316935
0.200000 0.356057
0.200000 0.291541
0.200000 0.384884
0.200000 0.395607
0.200000 0.340016
0.200000 0.353243
0.200000 0.375131
0.200000 0.296906
0.200000 0.412788
0.200000 0.422054
0.200000 0.372945
0.200000 0.364657
0.200000 0.412451
0.200000 0.419178
0.200000 0.461205
0.200000 0.491001
0.200000 0.449648
0.200000 0.391676
0.200000 0.335780
0.200000 0.335552
0.200000 0.270848
0.200000 0.230928
0.200000 0.325818
0.200000 0.360067
0.200000 0.369158
0.200000 0.229439
0.200000 0.213706
0.200000 0.209407
0.200000 0.191866
0.200000 0.260863
0.200000 0.200533
0.200000 0.082482
0.200000 0.071392
0.200000 0.010502
0.200000 -0.034253
0.200000 -0.006138
0.200000 0.028208
0.200000 0.049228
0.200000 0.130338
0.200000 0.096771
0.200000 0.040397
0.200000 -0.000992
0.200000 -0.055060
0.200000 -0.100051
0.200000 -0.197929
0.200000 -0.147104
0.200000 -0.095401
0.200000 -0.180339
0.200000 -0.286271
0.200000 -0.333251
0.200000 -0.317281
0.200000 -0.340575
0.200000 -0.363946
0.200000 -0.476903
0.200000 -0.597119
0.200000 -0.513818
0.200000 -0.548895
0.200000 -0.634439
0.200000 -0.546845
0.200000 -0.544135
0.200000 -0.509426
0.200000 -0.503268
0.200000 -0.502330
0.200000 -0.527102
0.200000 -0.588711
0.200000 -0.612397
0.200000 -0.570204
0.200000 -0.529717
0.200000 -0.614117
0.200000 -0.587535
0.200000 -0.454192
0.200000 -0.446612
0.200000 -0.379583
0.200000 -0.457108
0.200000 -0.479613
0.200000 -0.432516
0.200000 -0.385882
0.200000 -0.460217
0.200000 -0.448293
0.200000 -0.440162
0.200000 -0.501362
0.200000 -0.512348
0.200000 -0.613285
0.200000 -0.598297
0.200000 -0.620424
0.200000 -0.516145
0.200000 -0.580010
0.200000 -0.581556
0.200000 -0.557708
0.200000 -0.496270
0.200000 -0.492180
0.200000 -0.476675
0.200000 -0.528056
0.200000 -0.450079
0.200000 -0.419467
0.200000 -0.459237
0.200000 -0.382230
0.200000 -0.346213
0.200000 -0.512484
0.200000 -0.578176
0.200000 -0.607230
0.200000 -0.744165
0.200000 -0.774035
0.200000 -0.815043
0.200000 -0.795631
0.200000 -0.799699
0.200000 -0.884843
0.200000 -0.940831
0.200000 -1.028597
0.200000 -0.966451
0.200000 -0.934918
0.200000 -0.846957
0.200000 -0.787508
0.200000 -0.860721
0.200000 -0.842012
0.200000 -0.858633
0.200000 -0.696859
0.200000 -0.716701
0.200000 -0.781055
0.200000 -0.811277
0.200000 -0.853717
0.200000 -0.824875
0.200000 -0.902176
0.200000 -0.968557
0.200000 -0.917924
0.200000 -0.894722
0.200000 -0.919376
0.200000 -0.912320
0.200000 -0.957189
0.200000 -1.019481
0.200000 -0.988207
0.200000 -1.055160
0.200000 -1.030552
0.200000 -0.994123
0.200000 -1.043453
0.200000 -0.984436
0.200000 -1.025641
0.200000 -1.066220
0.200000 -1.055337
0.200000 -1.087454
0.200000 -1.089983
0.200000 -1.121749
0.200000 -1.000285
0.200000 -0.973586
0.200000 -0.887371
0.200000 -0.904083
0.200000 -0.915970
0.200000 -0.935998
0.200000 -1.030957
0.200000 -1.078067
0.200000 -1.045647
0.200000 -0.882861
0.200000 -1.075642
0.200000 -1.071050
0.200000 -1.170985
0.200000 -1.158419
0.200000 -1.178764
0.200000 -1.088562
0.200000 -1.128471
0.200000 -1.260678
0.200000 -1.288625
0.200000 -1.285239
0.200000 -1.425816
0.200000 -1.451082
0.200000 -1.459151
0.200000 -1.319359
0.200000 -1.451145
0.200000 -1.361894
0.200000 -1.323405
0.200000 -1.329950
0.200000 -1.364589
0.200000 -1.411906
0.200000 -1.394919
0.200000 -1.297042
0.200000 -1.211792
0.200000 -1.245093
0.200000 -1.312386
0.200000 -1.408044
0.200000 -1.409087
0.200000 -1.345594
0.200000 -1.264494
0.200000 -1.246847
0.200000 -1.213214
0.200000 -1.193495
0.200000 -1.231540
0.200000 -1.153788
0.200000 -1.168204
0.200000 -1.182339
0.200000 -1.142843
0.200000 -1.158364
0.200000 -1.086184
0.200000 -0.942864
0.200000 -0.853794
0.200000 -0.920728
0.200000 -0.873605
0.200000 -0.882455
0.200000 -0.962047
0.200000 -0.934690
0.200000 -1.050923
0.200000 -1.059617
0.200000 -0.974845
0.200000 -1.098938
0.200000 -0.988005
0.200000 -0.977365
0.200000 -0.958222
0.200000 -0.980989
0.200000 -1.054943
0.200000 -0.997785
0.200000 -1.006780
0.200000 -1.044964
0.200000 -1.051818
0.200000 -1.046320
0.200000 -0.977545
0.200000 -1.008559
0.200000 -1.085161
0.200000 -1.139245
0.200000 -1.056398
0.200000 -1.011694
0.200000 -0.997651
0.200000 -1.059874
0.200000 -1.150019
0.200000 -1.168702
0.200000 -1.049794
0.200000 -0.929777
0.200000 -1.005681
0.200000 -1.003650
0.200000 -0.970610
0.200000 -1.020416
0.200000 -0.894711
0.200000 -0.940875
0.200000 -0.986056
0.200000 -1.074347
0.200000 -1.095965
0.200000 -1.071401
0.200000 -0.971671
0.200000 -0.957425
0.200000 -0.858903
0.200000 -0.875558
0.200000 -0.869439
0.200000 -0.901919
0.200000 -0.914289
0.200000 -0.871978
0.200000 -0.931712
0.200000 -0.936753
0.200000 -1.006849
0.200000 -1.027333
0.200000 -0.991484
0.200000 -0.937869
0.200000 -0.919667
0.200000 -0.957328
0.200000 -0.942880
0.200000 -0.988070
0.200000 -1.017851
0.200000 -1.055417
0.200000 -1.095728
0.200000 -1.154922
0.200000 -1.118213
0.200000 -1.092014
0.200000 -1.051693
0.200000 -1.072349
0.200000 -0.974924
0.200000 -1.107070
0.200000 -1.170340
0.200000 -1.134848
0.200000 -1.162206
0.200000 -1.162154
0.200000 -1.210347
0.200000 -1.210627
0.200000 -1.172267
0.200000 -1.205385
0.200000 -1.122407
0.200000 -1.002111
0.200000 -1.109103
0.200000 -1.077217
0.200000 -1.060106
0.200000 -1.101992
0.200000 -1.096711
0.200000 -1.081580
0.200000 -1.160032
0.200000 -1.210010
0.200000 -1.308268
0.200000 -1.317976
0.200000 -1.339140
0.200000 -1.390824
0.200000 -1.483323
0.200000 -1.569946
0.200000 -1.516870
0.200000 -1.462953
0.200000 -1.467627
0.200000 -1.433546
0.200000 -1.467424
0.200000 -1.460818
0.200000 -1.394194
0.200000 -1.403914
0.200000 -1.401748
0.200000 -1.323950
0.200000 -1.316317
0.200000 -1.309957
0.200000 -1.185537
0.200000 -1.198942
0.200000 -1.185094
0.200000 -1.132882
0.200000 -1.049191
0.200000 -0.998701
0.200000 -0.907101
0.200000 -0.999139
0.200000 -1.020793
0.200000 -1.093769
0.200000 -1.045548
0.200000 -1.019401
0.200000 -0.985366
0.200000 -0.991046
0.200000 -1.031227
0.200000 -1.026517
0.200000 -1.021419
0.200000 -0.902291
0.200000 -1.047785
0.200000 -0.965862
0.200000 -0.991119
0.200000 -1.082400
0.200000 -1.033646
0.200000 -1.030185
0.200000 -1.058063
0.200000 -1.052515
0.200000 -1.098519
0.200000 -1.048089
0.200000 -1.078262
0.200000 -0.976254
0.200000 -1.012165
0.200000 -0.974104
0.200000 -0.910612
0.200000 -0.990256
0.200000 -1.154427
0.200000 -1.046884
0.200000 -0.915528
0.200000 -1.002733
0.200000 -1.015472
0.200000 -0.971636
0.200000 -1.028190
0.200000 -1.066487
0.200000 -1.110022
0.200000 -1.115547
0.200000 -1.091701
0.200000 -1.054424
0.200000 -1.175572
0.200000 -1.166491
0.200000 -1.047173
0.200000 -1.076868
0.200000 -1.163908
0.200000 -1.202885
0.200000 -1.250499
0.200000 -1.298221
0.200000 -1.362729
0.200000 -1.293824
0.200000 -1.293285
0.200000 -1.316620
0.200000 -1.303893
0.200000 -1.451336
0.200000 -1.370997
0.200000 -1.461514
0.200000 -1.537123
0.200000 -1.538235
0.200000 -1.484441
0.200000 -1.482019
0.200000 -1.462771
0.200000 -1.456795
0.200000 -1.435063
0.200000 -1.383495
0.200000 -1.396763
0.200000 -1.279678
0.200000 -1.214550
0.200000 -1.100116
0.200000 -1.090496
0.200000 -1.092702
0.200000 -1.029604
0.200000 -1.026032
0.200000 -0.955283
0.200000 -1.007837
0.200000 -0.891524
0.200000 -0.865692
0.200000 -0.880965
0.200000 -0.864149
0.200000 -0.938953
0.200000 -1.054614
0.200000 -1.042972
0.200000 -1.115620
0.200000 -1.106687
0.200000 -1.144517
0.200000 -1.128516
0.200000 -0.864909
0.200000 -0.906434
0.200000 -0.965040
0.200000 -0.946993
0.200000 -0.917174
0.200000 -0.978106
0.200000 -1.047308
0.200000 -1.056666
0.200000 -1.076068
0.200000 -1.087165
0.200000 -1.047211
0.200000 -0.882417
0.200000 -0.882486
0.200000 -0.917633
0.200000 -0.891998
0.200000 -0.949598
0.200000 -0.985271
0.200000 -0.948197
0.200000 -0.868012
0.200000 -0.922871
0.200000 -0.978352
0.200000 -1.133135
0.200000 -0.999060
0.200000 -1.012116
0.200000 -1.097897
0.200000 -1.076919
0.200000 -1.011826
0.200000 -1.049961
0.200000 -0.935079
0.200000 -0.963564
0.200000 -0.923767
0.200000 -0.978938
0.200000 -0.998149
0.200000 -1.081689
0.200000 -0.976419
0.200000 -1.077238
0.200000 -1.194216
0.200000 -1.194778
0.200000 -1.287686
0.200000 -1.257350
0.200000 -1.307790
0.200000 -1.234452
0.200000 -1.253178
0.200000 -1.335457
0.200000 -1.394254
0.200000 -1.302150
0.200000 -1.289096
0.200000 -1.330345
0.200000 -1.320520
0.200000 -1.253260
0.200000 -1.177407
0.200000 -1.101210
0.200000 -1.077707
0.200000 -1.021845
0.200000 -0.914518
0.200000 -0.844289
0.200000 -0.831440
0.200000 -0.739726
0.200000 -0.734567
0.200000 -0.704060
0.200000 -0.702575
0.200000 -0.705966
0.200000 -0.630343
0.200000 -0.658878
0.200000 -0.727391
0.200000 -0.767916
0.200000 -0.779415
0.200000 -0.855797
0.200000 -0.889079
0.200000 -0.952935
0.200000 -0.962724
0.200000 -0.997213
0.200000 -0.971997
0.200000 -1.022186
0.200000 -0.984704
0.200000 -1.022682
0.200000 -1.117285
0.200000 -1.082194
0.200000 -1.091042
0.200000 -0.971933
0.200000 -0.975052
0.200000 -0.986253
0.200000 -1.034800
0.200000 -0.968610
0.200000 -1.110568
0.200000 -1.088952
0.200000 -1.074557
0.200000 -1.110084
0.200000 -1.166621
0.200000 -1.158033
0.200000 -1.029929
0.200000 -0.975604
0.200000 -0.952688
0.200000 -0.898814
0.200000 -1.039402
0.200000 -1.048016
0.200000 -0.963293
0.200000 -0.912439
0.200000 -0.892532
0.200000 -0.955622
0.200000 -0.916176
0.200000 -0.812686
0.200000 -0.758731
0.200000 -0.810896
0.200000 -0.795448
0.200000 -0.746658
0.200000 -0.744159
0.200000 -0.805815
0.200000 -0.930933
0.200000 -0.982631
0.200000 -0.939619
0.200000 -0.972659
0.200000 -1.011163
0.200000 -0.967417
0.200000 -0.952114
0.200000 -0.928883
0.200000 -0.934578
0.200000 -0.873872
0.200000 -0.946588
0.200000 -1.034081
0.200000 -1.020844
0.200000 -1.009587
0.200000 -1.013943
0.200000 -0.884398
0.200000 -0.886007
0.200000 -0.951240
0.200000 -0.899836
0.200000 -0.961293
0.200000 -0.860407
0.200000 -0.852561
0.200000 -0.801407
0.200000 -0.792729
0.200000 -0.877360
0.200000 -0.987563
0.200000 -0.922340
0.200000 -0.968350
0.200000 -0.991090
0.200000 -1.081394
0.200000 -1.123431
0.200000 -0.968932
0.200000 -0.975451
0.200000 -0.935364
0.200000 -0.939014
0.200000 -1.020846
0.200000 -1.017553
0.200000 -1.008361
0.200000 -0.942000
0.200000 -0.960923
0.200000 -0.785817
0.200000 -0.742910
0.200000 -0.895235
0.200000 -0.924731
0.200000 -0.915901
0.200000 -1.019183
0.200000 -1.122845
0.200000 -1.144347
0.200000 -1.057530
0.200000 -1.028652
0.200000 -1.046225
0.200000 -1.005558
0.200000 -0.972352
0.200000 -1.003863
0.200000 -1.084068
0.200000 -1.059216
0.200000 -1.054864
0.200000 -1.041836
0.200000 -1.059092
0.200000 -1.142631
0.200000 -1.192577
0.200000 -1.173514
0.200000 -1.100027
0.200000 -1.206500
0.200000 -1.209461
0.200000 -1.231990
0.200000 -1.153121
0.200000 -1.085934
0.200000 -1.005651
0.200000 -1.013403
0.200000 -0.939310
0.200000 -0.992546
0.200000 -0.969470
0.200000 -1.009908
0.200000 -0.945102
0.200000 -1.005473
0.200000 -0.981855
0.200000 -0.888977
0.200000 -1.029292
0.200000 -0.947246
0.200000 -0.974022
0.200000 -0.965140
0.200000 -0.949510
0.200000 -0.992156
0.200000 -1.047181
0.200000 -1.029280
0.200000 -1.009298
0.200000 -0.965296
0.200000 -1.038885
0.200000 -1.032365
0.200000 -1.031171
0.200000 -1.025451
0.200000 -1.056740
0.200000 -1.043416
0.200000 -0.994336
0.200000 -0.989506
0.200000 -0.959310
0.200000 -0.980215
0.200000 -0.950155
0.200000 -0.949373
0.200000 -1.064340
0.200000 -0.971005
0.200000 -1.037288
0.200000 -1.010917
0.200000 -0.813578
0.200000 -0.857668
0.200000 -0.948473
0.200000 -0.859976
0.200000 -0.878296
0.200000 -0.984717
0.200000 -0.992554
0.200000 -1.026859
0.200000 -0.987060
0.200000 -0.974456
0.200000 -0.958690
0.200000 -1.101160
0.200000 -1.112729
0.200000 -0.977389
0.200000 -0.852366
0.200000 -0.820495
0.200000 -0.866831
0.200000 -0.906292
0.200000 -0.878184
0.200000 -0.973802
0.200000 -0.929905
0.200000 -1.057879
0.200000 -1.083519
0.200000 -0.997925
0.200000 -1.020844
0.200000 -1.036175
0.200000 -1.014307
0.200000 -0.938810
0.200000 -1.133516
0.200000 -0.975304
0.200000 -1.053212
0.200000 -1.053549
0.200000 -1.036778
0.200000 -0.870897
0.200000 -0.945370
0.200000 -1.031954
0.200000 -1.089793
0.200000 -1.021275
0.200000 -1.095522
0.200000 -0.990789
0.200000 -1.041428
0.200000 -1.098802
0.200000 -1.114313
0.200000 -0.981277
0.200000 -0.998724
0.200000 -1.008772
0.200000 -0.943040
0.200000 -0.948601
0.200000 -0.944299
0.200000 -0.961054
0.200000 -0.819813
0.200000 -0.947328
0.200000 -0.908425
0.200000 -0.878739
0.200000 -0.835036
0.200000 -0.807168
0.200000 -0.841267
0.200000 -0.795163
0.200000 -0.816451
0.200000 -0.889794
0.200000 -0.846004
0.200000 -0.986486
0.200000 -1.012068
0.200000 -0.986639
0.200000 -0.821922
0.200000 -0.785726
0.200000 -0.829046
0.200000 -0.907325
0.200000 -1.089017
0.200000 -1.034942
0.200000 -1.134578
0.200000 -0.913128
0.200000 -0.928924
0.200000 -0.920892
0.200000 -0.877426
0.200000 -0.902141
0.200000 -0.884881
0.200000 -1.009959
0.200000 -0.967924
0.200000 -0.914529
0.200000 -1.014561
0.200000 -1.073915
0.200000 -0.950635
0.200000 -0.849557
0.200000 -0.860523
0.200000 -1.020596
0.200000 -1.010816
0.200000 -1.050342
0.200000 -1.073631
0.200000 -1.030299
0.200000 -1.068971
0.200000 -0.999071
0.200000 -1.133698
0.200000 -1.097240
0.200000 -0.957676
0.200000 -0.992500
0.200000 -0.995595
0.200000 -1.032629
0.200000 -1.006386
0.200000 -0.849982
0.200000 -0.889532
0.200000 -1.037703
0.200000 -0.976619
0.200000 -1.014481
0.200000 -0.976041
0.200000 -0.915427
0.200000 -0.897065
0.200000 -0.792213
0.200000 -0.821529
0.200000 -0.858240
0.200000 -0.901064
0.200000 -0.792481
0.200000 -0.812484
0.200000 -0.816011
0.200000 -0.792680
0.200000 -0.789362
0.200000 -0.866509
0.200000 -0.788160
0.200000 -0.804189
0.200000 -0.869094
0.200000 -0.919033
0.200000 -0.992552
0.200000 -1.023585
0.200000 -0.907581
0.200000 -0.954361
0.200000 -1.032717
0.200000 -0.951079
0.200000 -0.874724
0.200000 -0.996003
0.200000 -0.967550
0.200000 -1.067000
0.200000 -0.957765
0.200000 -0.972345
0.200000 -1.018266
0.200000 -0.981119
0.200000 -1.044359
0.200000 -1.053983
0.200000 -1.062173
0.200000 -1.058629
0.200000 -1.111424
0.200000 -1.078314
0.200000 -0.986666
0.200000 -0.912497
0.200000 -0.907105
0.200000 -1.012906
0.200000 -1.027798
0.200000 -1.196383
0.200000 -1.247321
0.200000 -1.395341
0.200000 -1.424201
0.200000 -1.567180
0.200000 -1.548473
0.200000 -1.579755
0.200000 -1.622125
0.200000 -1.633445
0.200000 -1.514853
0.200000 -1.469359
0.200000 -1.403698
0.200000 -1.473098
0.200000 -1.392967
0.200000 -1.515002
0.200000 -1.501457
0.200000 -1.464918
0.200000 -1.432005
0.200000 -1.392943
0.200000 -1.402995
0.200000 -1.381274
0.200000 -1.364350
0.200000 -1.328903
0.200000 -1.318801
0.200000 -1.365516
0.200000 -1.381991
0.200000 -1.488799
0.200000 -1.540653
0.200000 -1.579693
0.200000 -1.631991
0.200000 -1.693861
0.200000 -1.728374
0.200000 -1.730722
0.200000 -1.651882
0.200000 -1.621214
0.200000 -1.628761
0.200000 -1.552325
0.200000 -1.466601
0.200000 -1.427391
0.200000 -1.490550
0.200000 -1.414392
0.200000 -1.322110
0.200000 -1.302420
0.200000 -1.331912
0.200000 -1.252467
0.200000 -1.230424
0.200000 -1.119062
0.200000 -1.047968
0.200000 -1.047295
0.200000 -1.028194
0.200000 -1.028651
0.200000 -1.100515
0.200000 -1.190083
0.200000 -1.207291
0.200000 -1.130944
0.200000 -1.064128
0.200000 -1.110002
0.200000 -0.930116
0.200000 -1.014318
0.200000 -0.964136
0.200000 -1.045661
0.200000 -0.925710
0.200000 -0.969564
0.200000 -1.062949
0.200000 -1.111638
0.200000 -1.077276
0.200000 -1.087795
0.200000 -0.991828
0.200000 -1.038352
0.200000 -1.086884
0.200000 -1.170871
0.200000 -1.175743
0.200000 -1.157612
0.200000 -1.158761
0.200000 -1.221376
0.200000 -1.320412
0.200000 -1.343573
0.200000 -1.424224
0.200000 -1.551289
0.200000 -1.522672
0.200000 -1.471430
0.200000 -1.433166
0.200000 -1.378707
0.200000 -1.373849
0.200000 -1.388358
0.200000 -1.432587
0.200000 -1.443377
0.200000 -1.325364
0.200000 -1.360030
0.200000 -1.343942
0.200000 -1.368822
0.200000 -1.438981
0.200000 -1.447354
0.200000 -1.474194
0.200000 -1.420380
0.200000 -1.284038
0.200000 -1.278382
0.200000 -1.206601
0.200000 -1.243805
0.200000 -1.158824
0.200000 -1.096236
0.200000 -0.997042
0.200000 -1.005598
0.200000 -1.063116
0.200000 -1.101948
0.200000 -0.982583
0.200000 -0.959178
0.200000 -1.104860
0.200000 -1.051552
0.200000 -1.007232
0.200000 -1.008042
0.200000 -0.979666
0.200000 -0.923043
0.200000 -0.867324
0.200000 -0.953130
0.200000 -1.003051
0.200000 -1.052053
0.200000 -1.050179
0.200000 -0.855007
0.200000 -0.869871
0.200000 -0.907285
